name,state
NODE_0000000,"[0.02356358883293546, 0.026101704242210307, 0.04150972564692276, 0.018879684004275935, 0.047517272751480544, 0.02159679520805955, 0.022253354094401875, 0.018481437989996637, 0.018770130526057097, 0.018454431971586163, 0.017830918512461238, 0.018343834144691585, 0.01909319863490291, 0.02247250135871639, 0.018818806620384373, 0.0551797821114616, 0.02023205403115564, 0.018343834144691568, 0.0183438341446916, 0.022411846946596866, 0.2523139598315127, 0.020052605687422894, 0.016781777391001996, 0.018600283939743834, 0.0193555525376251, 0.0178273399551713, 0.019318060219066256, 0.01768013226821086, 0.018704586555102452, 0.09243796611578078, 0.018728999581682004]"
NC_063383.1,"[0.023601160483617028, 0.026132951792981914, 0.04153893636115508, 0.018915337148462216, 0.04753543226185372, 0.021631864292715238, 0.02228575275166508, 0.018516310501001384, 0.018805629681852957, 0.018489238819133356, 0.01786443565284318, 0.01837837361717334, 0.01912944137027279, 0.02250552327186619, 0.01884651266409809, 0.05519137676776964, 0.02026997194003482, 0.018378373617173312, 0.018378373617173333, 0.0224449594335718, 0.2513357543613331, 0.020090815998460635, 0.016804872839573482, 0.018635362161994733, 0.019393080373767614, 0.01786114323878768, 0.019354904639735483, 0.01771357993429645, 0.01874004470693963, 0.09246609109094645, 0.018764394607750125]"
NODE_0000002,"[3.21153759749546e-92, 7.61184451998682e-89, 2.3955877556075375e-66, 3.402517675057729e-99, 1.9992950296949627e-58, 3.381680717520332e-92, 6.717522665963525e-93, 1.1679228132653577e-98, 1.4169917331888077e-98, 7.002791994026283e-99, 1.489281702029967e-98, 4.91262034664916e-99, 1.1292168925078244e-99, 1.8012770303355694e-92, 4.690934077200292e-93, 6.317100993978894e-48, 4.847888514339453e-93, 4.912620346651113e-99, 4.9126203466502745e-99, 6.453230938668178e-93, 1.0, 1.2876460263827874e-99, 9.724381562506335e-84, 4.160015646752849e-99, 9.307761282902426e-98, 1.207274114259013e-96, 1.7943500226137108e-99, 1.2958462059764017e-96, 3.5805313029334507e-99, 5.801581630894437e-38, 9.765993930230255e-99]"
hMpxV/Peru/LAM-INS-290/2022|EPI_ISL_16999067|2022-11-23,"[0.0, 0.0, 0.0, 0.0, 0.0, 0.0, 0.0, 0.0, 0.0, 0.0, 0.0, 0.0, 0.0, 0.0, 0.0, 0.0, 0.0, 0.0, 0.0, 0.0, 0.9999999999999999, 0.0, 0.0, 0.0, 0.0, 0.0, 0.0, 0.0, 0.0, 0.0, 0.0]"
hMpxV/Peru/LIM-INS-292/2022|EPI_ISL_16999095|2022-11-25,"[0.0, 0.0, 0.0, 0.0, 0.0, 0.0, 0.0, 0.0, 0.0, 0.0, 0.0, 0.0, 0.0, 0.0, 0.0, 0.0, 0.0, 0.0, 0.0, 0.0, 1.0, 0.0, 0.0, 0.0, 0.0, 0.0, 0.0, 0.0, 0.0, 0.0, 0.0]"
hMpxV/Peru/LIM-INS-349/2022|EPI_ISL_16999091|2022-12-26,"[0.0, 0.0, 0.0, 0.0, 0.0, 0.0, 0.0, 0.0, 0.0, 0.0, 0.0, 0.0, 0.0, 0.0, 0.0, 0.0, 0.0, 0.0, 0.0, 0.0, 0.9999999999999999, 0.0, 0.0, 0.0, 0.0, 0.0, 0.0, 0.0, 0.0, 0.0, 0.0]"
hMpxV/USA/CA-CDPH-1000169/2023|EPI_ISL_16997397|2023-01-09,"[0.0, 0.0, 0.0, 0.0, 0.0, 0.0, 0.0, 0.0, 0.0, 0.0, 0.0, 0.0, 0.0, 0.0, 0.0, 0.0, 0.0, 0.0, 0.0, 0.0, 0.0, 0.0, 0.0, 0.0, 0.0, 0.0, 0.0, 0.0, 0.0, 1.0, 0.0]"
hMpxV/Peru/LIM-INS-338/2022|EPI_ISL_16999113|2022-12-19,"[0.0, 0.0, 0.0, 0.0, 0.0, 0.0, 0.0, 0.0, 0.0, 0.0, 0.0, 0.0, 0.0, 0.0, 0.0, 0.0, 0.0, 0.0, 0.0, 0.0, 0.9999999999999999, 0.0, 0.0, 0.0, 0.0, 0.0, 0.0, 0.0, 0.0, 0.0, 0.0]"
hMpxV/Peru/LIM-INS-357/2022|EPI_ISL_16999116|2022-12-26,"[0.0, 0.0, 0.0, 0.0, 0.0, 0.0, 0.0, 0.0, 0.0, 0.0, 0.0, 0.0, 0.0, 0.0, 0.0, 0.0, 0.0, 0.0, 0.0, 0.0, 0.9999999999999999, 0.0, 0.0, 0.0, 0.0, 0.0, 0.0, 0.0, 0.0, 0.0, 0.0]"
hMpxV/Peru/LIM-INS-342/2022|EPI_ISL_16999121|2022-12-17,"[0.0, 0.0, 0.0, 0.0, 0.0, 0.0, 0.0, 0.0, 0.0, 0.0, 0.0, 0.0, 0.0, 0.0, 0.0, 0.0, 0.0, 0.0, 0.0, 0.0, 1.0, 0.0, 0.0, 0.0, 0.0, 0.0, 0.0, 0.0, 0.0, 0.0, 0.0]"
hMpxV/Peru/LIM-INS-345/2022|EPI_ISL_16999118|2022-12-20,"[0.0, 0.0, 0.0, 0.0, 0.0, 0.0, 0.0, 0.0, 0.0, 0.0, 0.0, 0.0, 0.0, 0.0, 0.0, 0.0, 0.0, 0.0, 0.0, 0.0, 1.0, 0.0, 0.0, 0.0, 0.0, 0.0, 0.0, 0.0, 0.0, 0.0, 0.0]"
hMpxV/Peru/LIM-INS-291/2022|EPI_ISL_16999139|2022-11-22,"[0.0, 0.0, 0.0, 0.0, 0.0, 0.0, 0.0, 0.0, 0.0, 0.0, 0.0, 0.0, 0.0, 0.0, 0.0, 0.0, 0.0, 0.0, 0.0, 0.0, 0.9999999999999999, 0.0, 0.0, 0.0, 0.0, 0.0, 0.0, 0.0, 0.0, 0.0, 0.0]"
hMpxV/Peru/LIM-INS-350/2022|EPI_ISL_16999138|2022-12-26,"[0.0, 0.0, 0.0, 0.0, 0.0, 0.0, 0.0, 0.0, 0.0, 0.0, 0.0, 0.0, 0.0, 0.0, 0.0, 0.0, 0.0, 0.0, 0.0, 0.0, 0.9999999999999999, 0.0, 0.0, 0.0, 0.0, 0.0, 0.0, 0.0, 0.0, 0.0, 0.0]"
hMpxV/Brazil/RJ-FIOCRUZ-29814/2022|EPI_ISL_17614024|2022-11-24,"[0.0, 0.0, 1.0, 0.0, 0.0, 0.0, 0.0, 0.0, 0.0, 0.0, 0.0, 0.0, 0.0, 0.0, 0.0, 0.0, 0.0, 0.0, 0.0, 0.0, 0.0, 0.0, 0.0, 0.0, 0.0, 0.0, 0.0, 0.0, 0.0, 0.0, 0.0]"
hMpxV/USA/IL-RIPHL-052-0034/2023|EPI_ISL_17821096|2023-05-10,"[0.0, 0.0, 0.0, 0.0, 0.0, 0.0, 0.0, 0.0, 0.0, 0.0, 0.0, 0.0, 0.0, 0.0, 0.0, 0.0, 0.0, 0.0, 0.0, 0.0, 0.0, 0.0, 0.0, 0.0, 0.0, 0.0, 0.0, 0.0, 0.0, 1.0, 0.0]"
hMpxV/Peru/LIM-INS-443/2022|EPI_ISL_19343459|2022-12-26,"[0.0, 0.0, 0.0, 0.0, 0.0, 0.0, 0.0, 0.0, 0.0, 0.0, 0.0, 0.0, 0.0, 0.0, 0.0, 0.0, 0.0, 0.0, 0.0, 0.0, 0.9999999999999999, 0.0, 0.0, 0.0, 0.0, 0.0, 0.0, 0.0, 0.0, 0.0, 0.0]"
hMpxV/Peru/AYA-INS-427/2023|EPI_ISL_19343467|2023-02-19,"[0.0, 0.0, 0.0, 0.0, 0.0, 0.0, 0.0, 0.0, 0.0, 0.0, 0.0, 0.0, 0.0, 0.0, 0.0, 0.0, 0.0, 0.0, 0.0, 0.0, 0.9999999999999999, 0.0, 0.0, 0.0, 0.0, 0.0, 0.0, 0.0, 0.0, 0.0, 0.0]"
hMpxV/Peru/LIM-INS-375/2023|EPI_ISL_19343480|2023-01-07,"[0.0, 0.0, 0.0, 0.0, 0.0, 0.0, 0.0, 0.0, 0.0, 0.0, 0.0, 0.0, 0.0, 0.0, 0.0, 0.0, 0.0, 0.0, 0.0, 0.0, 0.9999999999999999, 0.0, 0.0, 0.0, 0.0, 0.0, 0.0, 0.0, 0.0, 0.0, 0.0]"
hMpxV/Peru/LIM-INS-406/2023|EPI_ISL_19343490|2023-02-01,"[0.0, 0.0, 0.0, 0.0, 0.0, 0.0, 0.0, 0.0, 0.0, 0.0, 0.0, 0.0, 0.0, 0.0, 0.0, 0.0, 0.0, 0.0, 0.0, 0.0, 0.9999999999999999, 0.0, 0.0, 0.0, 0.0, 0.0, 0.0, 0.0, 0.0, 0.0, 0.0]"
hMpxV/Peru/LIM-INS-364/2023|EPI_ISL_19343503|2023-01-19,"[0.0, 0.0, 0.0, 0.0, 0.0, 0.0, 0.0, 0.0, 0.0, 0.0, 0.0, 0.0, 0.0, 0.0, 0.0, 0.0, 0.0, 0.0, 0.0, 0.0, 0.9999999999999999, 0.0, 0.0, 0.0, 0.0, 0.0, 0.0, 0.0, 0.0, 0.0, 0.0]"
hMpxV/Peru/LIM-INS-433/2023|EPI_ISL_19343501|2023-01-27,"[0.0, 0.0, 0.0, 0.0, 0.0, 0.0, 0.0, 0.0, 0.0, 0.0, 0.0, 0.0, 0.0, 0.0, 0.0, 0.0, 0.0, 0.0, 0.0, 0.0, 1.0, 0.0, 0.0, 0.0, 0.0, 0.0, 0.0, 0.0, 0.0, 0.0, 0.0]"
hMpxV/Peru/CAL-INS-383/2023|EPI_ISL_19343521|2023-01-10,"[0.0, 0.0, 0.0, 0.0, 0.0, 0.0, 0.0, 0.0, 0.0, 0.0, 0.0, 0.0, 0.0, 0.0, 0.0, 0.0, 0.0, 0.0, 0.0, 0.0, 1.0, 0.0, 0.0, 0.0, 0.0, 0.0, 0.0, 0.0, 0.0, 0.0, 0.0]"
hMpxV/Peru/LIM-INS-416/2023|EPI_ISL_19343572|2023-02-07,"[0.0, 0.0, 0.0, 0.0, 0.0, 0.0, 0.0, 0.0, 0.0, 0.0, 0.0, 0.0, 0.0, 0.0, 0.0, 0.0, 0.0, 0.0, 0.0, 0.0, 0.9999999999999999, 0.0, 0.0, 0.0, 0.0, 0.0, 0.0, 0.0, 0.0, 0.0, 0.0]"
hMpxV/Peru/LIM-INS-436/2023|EPI_ISL_19343568|2023-02-16,"[0.0, 0.0, 0.0, 0.0, 0.0, 0.0, 0.0, 0.0, 0.0, 0.0, 0.0, 0.0, 0.0, 0.0, 0.0, 0.0, 0.0, 0.0, 0.0, 0.0, 1.0, 0.0, 0.0, 0.0, 0.0, 0.0, 0.0, 0.0, 0.0, 0.0, 0.0]"
hMpxV/Peru/AYA-INS-411/2023|EPI_ISL_19343573|2023-01-31,"[0.0, 0.0, 0.0, 0.0, 0.0, 0.0, 0.0, 0.0, 0.0, 0.0, 0.0, 0.0, 0.0, 0.0, 0.0, 0.0, 0.0, 0.0, 0.0, 0.0, 1.0, 0.0, 0.0, 0.0, 0.0, 0.0, 0.0, 0.0, 0.0, 0.0, 0.0]"
hMpxV/Peru/AYA-INS-412/2023|EPI_ISL_19343574|2023-01-31,"[0.0, 0.0, 0.0, 0.0, 0.0, 0.0, 0.0, 0.0, 0.0, 0.0, 0.0, 0.0, 0.0, 0.0, 0.0, 0.0, 0.0, 0.0, 0.0, 0.0, 1.0, 0.0, 0.0, 0.0, 0.0, 0.0, 0.0, 0.0, 0.0, 0.0, 0.0]"
hMpxV/Peru/ARE-INS-420/2023|EPI_ISL_19343594|2023-02-08,"[0.0, 0.0, 0.0, 0.0, 0.0, 0.0, 0.0, 0.0, 0.0, 0.0, 0.0, 0.0, 0.0, 0.0, 0.0, 0.0, 0.0, 0.0, 0.0, 0.0, 0.9999999999999999, 0.0, 0.0, 0.0, 0.0, 0.0, 0.0, 0.0, 0.0, 0.0, 0.0]"
hMpxV/Peru/ARE-INS-478/2023|EPI_ISL_19343595|2023-01-31,"[0.0, 0.0, 0.0, 0.0, 0.0, 0.0, 0.0, 0.0, 0.0, 0.0, 0.0, 0.0, 0.0, 0.0, 0.0, 0.0, 0.0, 0.0, 0.0, 0.0, 1.0, 0.0, 0.0, 0.0, 0.0, 0.0, 0.0, 0.0, 0.0, 0.0, 0.0]"
hMpxV/Chile/RM-ISP-132423/2022|EPI_ISL_19345334|2022-11-27,"[0.0, 0.0, 0.0, 0.0, 1.0, 0.0, 0.0, 0.0, 0.0, 0.0, 0.0, 0.0, 0.0, 0.0, 0.0, 0.0, 0.0, 0.0, 0.0, 0.0, 0.0, 0.0, 0.0, 0.0, 0.0, 0.0, 0.0, 0.0, 0.0, 0.0, 0.0]"
hMpxV/Mexico/CMX_InDRE_F5592/2022|EPI_ISL_17672227|2022-12-08,"[0.0, 0.0, 0.0, 0.0, 0.0, 0.0, 0.0, 0.0, 0.0, 0.0, 0.0, 0.0, 0.0, 0.0, 0.0, 0.9999999999999999, 0.0, 0.0, 0.0, 0.0, 0.0, 0.0, 0.0, 0.0, 0.0, 0.0, 0.0, 0.0, 0.0, 0.0, 0.0]"
hMpxV/Mexico/VER_InDRE_F254/2023|EPI_ISL_17672252|2023-01-31,"[0.0, 0.0, 0.0, 0.0, 0.0, 0.0, 0.0, 0.0, 0.0, 0.0, 0.0, 0.0, 0.0, 0.0, 0.0, 1.0, 0.0, 0.0, 0.0, 0.0, 0.0, 0.0, 0.0, 0.0, 0.0, 0.0, 0.0, 0.0, 0.0, 0.0, 0.0]"
hMpxV/Mexico/YUC_InDRE_F217/2023|EPI_ISL_17672250|2023-01-17,"[0.0, 0.0, 0.0, 0.0, 0.0, 0.0, 0.0, 0.0, 0.0, 0.0, 0.0, 0.0, 0.0, 0.0, 0.0, 1.0, 0.0, 0.0, 0.0, 0.0, 0.0, 0.0, 0.0, 0.0, 0.0, 0.0, 0.0, 0.0, 0.0, 0.0, 0.0]"
hMpxV/USA/CA-LACPHL-MA00474/2022|EPI_ISL_17211328|2022-11-18,"[0.0, 0.0, 0.0, 0.0, 0.0, 0.0, 0.0, 0.0, 0.0, 0.0, 0.0, 0.0, 0.0, 0.0, 0.0, 0.0, 0.0, 0.0, 0.0, 0.0, 0.0, 0.0, 0.0, 0.0, 0.0, 0.0, 0.0, 0.0, 0.0, 1.0, 0.0]"
hMpxV/USA/CA-LACPHL-MA00475/2022|EPI_ISL_17211329|2022-11-22,"[0.0, 0.0, 0.0, 0.0, 0.0, 0.0, 0.0, 0.0, 0.0, 0.0, 0.0, 0.0, 0.0, 0.0, 0.0, 0.0, 0.0, 0.0, 0.0, 0.0, 0.0, 0.0, 0.0, 0.0, 0.0, 0.0, 0.0, 0.0, 0.0, 1.0, 0.0]"
hMpxV/USA/CA-LACPHL-MA00479/2022|EPI_ISL_17211333|2022-12-01,"[0.0, 0.0, 0.0, 0.0, 0.0, 0.0, 0.0, 0.0, 0.0, 0.0, 0.0, 0.0, 0.0, 0.0, 0.0, 0.0, 0.0, 0.0, 0.0, 0.0, 0.0, 0.0, 0.0, 0.0, 0.0, 0.0, 0.0, 0.0, 0.0, 1.0, 0.0]"
hMpxV/Mexico/CHH_InDRE_F390/2023|EPI_ISL_17703605|2023-03-10,"[0.0, 0.0, 0.0, 0.0, 0.0, 0.0, 0.0, 0.0, 0.0, 0.0, 0.0, 0.0, 0.0, 0.0, 0.0, 1.0, 0.0, 0.0, 0.0, 0.0, 0.0, 0.0, 0.0, 0.0, 0.0, 0.0, 0.0, 0.0, 0.0, 0.0, 0.0]"
hMpxV/Mexico/CMX_InDRE_F422/2023|EPI_ISL_17703610|2023-03-22,"[0.0, 0.0, 0.0, 0.0, 0.0, 0.0, 0.0, 0.0, 0.0, 0.0, 0.0, 0.0, 0.0, 0.0, 0.0, 0.9999999999999999, 0.0, 0.0, 0.0, 0.0, 0.0, 0.0, 0.0, 0.0, 0.0, 0.0, 0.0, 0.0, 0.0, 0.0, 0.0]"
NODE_0000334,"[1.2439035896068338e-05, 9.46963252617451e-06, 8.289597358797678e-05, 4.706581247841213e-06, 0.0011822876745831924, 6.088365623018735e-06, 6.909106904842639e-06, 4.660511719167739e-06, 4.687803602568773e-06, 4.640537288444052e-06, 4.5802500166405136e-06, 4.655704381327413e-06, 4.532880999457243e-06, 6.75885368688509e-06, 7.4302773013929136e-06, 6.241892937211424e-05, 9.851868172672383e-06, 4.6557043813286105e-06, 4.655704381327565e-06, 6.541917152195682e-06, 0.6854488486772186, 4.717039394076592e-06, 1.1895429509004504e-05, 4.680011656468991e-06, 5.185291582847028e-06, 6.707344881472423e-06, 4.184507409756045e-06, 6.597311893628971e-06, 4.4738815125245035e-06, 0.3130631620886937, 4.6811034233505355e-06]"
hMpxV/USA/NY-NYCPHL-001178/2022|EPI_ISL_16955305|2022-11-18,"[0.0, 0.0, 0.0, 0.0, 0.0, 0.0, 0.0, 0.0, 0.0, 0.0, 0.0, 0.0, 0.0, 0.0, 0.0, 0.0, 0.0, 0.0, 0.0, 0.0, 0.0, 0.0, 0.0, 0.0, 0.0, 0.0, 0.0, 0.0, 0.0, 1.0, 0.0]"
hMpxV/Chile/RM-ISP-7201/2023|EPI_ISL_19345367|2023-01-25,"[0.0, 0.0, 0.0, 0.0, 1.0, 0.0, 0.0, 0.0, 0.0, 0.0, 0.0, 0.0, 0.0, 0.0, 0.0, 0.0, 0.0, 0.0, 0.0, 0.0, 0.0, 0.0, 0.0, 0.0, 0.0, 0.0, 0.0, 0.0, 0.0, 0.0, 0.0]"
NODE_0000348,"[2.0236344757914886e-06, 6.189154663361252e-07, 1.2783014213908799e-05, 3.24565275472074e-07, 1.951775869752018e-06, 4.2432708531144105e-07, 4.829419607548529e-07, 3.257168656659671e-07, 3.268703494801878e-07, 3.2369083963337517e-07, 3.239671838335895e-07, 3.2456949123223034e-07, 3.1234542289807667e-07, 4.743898259732123e-07, 7.710389169032228e-07, 1.0432497671159746e-05, 1.2835095427549367e-06, 3.245694912322364e-07, 3.245694912322211e-07, 4.5641627123068204e-07, 0.04179465142430048, 3.2020578595638727e-07, 1.9717120515746148e-06, 3.248090116012452e-07, 4.5383158307622265e-07, 6.772673700910893e-07, 2.9371284291350924e-07, 6.542580031844215e-07, 3.118569782890033e-07, 0.9581654018002089, 3.2579615341415166e-07]"
hMpxV/USA/CA-LACPHL-MA00394/2022|EPI_ISL_16679206|2022-12-23,"[0.0, 0.0, 0.0, 0.0, 0.0, 0.0, 0.0, 0.0, 0.0, 0.0, 0.0, 0.0, 0.0, 0.0, 0.0, 0.0, 0.0, 0.0, 0.0, 0.0, 0.0, 0.0, 0.0, 0.0, 0.0, 0.0, 0.0, 0.0, 0.0, 0.9999999999999999, 0.0]"
hMpxV/USA/CA-LACPHL-MA00374/2022|EPI_ISL_16679235|2022-11-23,"[0.0, 0.0, 0.0, 0.0, 0.0, 0.0, 0.0, 0.0, 0.0, 0.0, 0.0, 0.0, 0.0, 0.0, 0.0, 0.0, 0.0, 0.0, 0.0, 0.0, 0.0, 0.0, 0.0, 0.0, 0.0, 0.0, 0.0, 0.0, 0.0, 1.0, 0.0]"
NODE_0000351,"[3.488405958353557e-09, 8.786648092735521e-10, 1.8878881300959774e-08, 5.529963518319604e-10, 2.378769780450283e-09, 6.730308204907451e-10, 7.300530968059891e-10, 5.548111314880817e-10, 5.561213780359492e-10, 5.514831815186247e-10, 5.528595700835303e-10, 5.534326390111431e-10, 5.30002162461215e-10, 7.110701270958974e-10, 1.2316893833043577e-09, 1.3722640970788225e-08, 2.4203785898203178e-09, 5.53432639011789e-10, 5.534326390115304e-10, 6.901744838493842e-10, 2.841006353582054e-06, 5.442462526464726e-10, 3.3100600782100382e-09, 5.53422751673686e-10, 8.022054737228854e-10, 1.2361468001370604e-09, 4.968879085490968e-10, 1.1907518209248898e-09, 5.31045729642488e-10, 0.9999970990120322, 5.545164647477212e-10]"
hMpxV/USA/CA-LACPHL-MA00467/2023|EPI_ISL_16997411|2023-01-26,"[0.0, 0.0, 0.0, 0.0, 0.0, 0.0, 0.0, 0.0, 0.0, 0.0, 0.0, 0.0, 0.0, 0.0, 0.0, 0.0, 0.0, 0.0, 0.0, 0.0, 0.0, 0.0, 0.0, 0.0, 0.0, 0.0, 0.0, 0.0, 0.0, 1.0, 0.0]"
hMpxV/USA/CA-LACPHL-MA00463/2023|EPI_ISL_16997407|2023-01-26,"[0.0, 0.0, 0.0, 0.0, 0.0, 0.0, 0.0, 0.0, 0.0, 0.0, 0.0, 0.0, 0.0, 0.0, 0.0, 0.0, 0.0, 0.0, 0.0, 0.0, 0.0, 0.0, 0.0, 0.0, 0.0, 0.0, 0.0, 0.0, 0.0, 1.0, 0.0]"
NODE_0000433,"[0.00019975870609107953, 0.00039546098279921217, 0.0004113082070687754, 0.000221605408299104, 0.0008635176689864882, 0.0002791408806687159, 0.0003099274617571603, 0.0002175811993987316, 0.00022088907009835886, 0.00021599438627614752, 0.00020974866953059524, 0.00021618836352162404, 0.000302399305011713, 0.8757693419054419, 0.00019401139439655278, 0.0009108710231824775, 0.03961481048786683, 0.00021618836352167652, 0.00021618836352154265, 0.0002916492128639358, 0.07472157914656422, 0.0002277202676999346, 0.0009995864469295706, 0.0002189383153605869, 0.00025876202434192973, 0.00020287494542319172, 0.00019007573794700165, 0.0002866744458490637, 0.00020677264112736087, 0.001190382920393188, 0.0002200520480616389]"
hMpxV/Netherlands/NH-AUMC-0001/2023|EPI_ISL_17502583|2023-01-05,"[0.0, 0.0, 0.0, 0.0, 0.0, 0.0, 0.0, 0.0, 0.0, 0.0, 0.0, 0.0, 0.0, 0.0, 0.0, 0.0, 1.0, 0.0, 0.0, 0.0, 0.0, 0.0, 0.0, 0.0, 0.0, 0.0, 0.0, 0.0, 0.0, 0.0, 0.0]"
hMpxV/Ireland/un-NVRL-Z22IRL00794/2022|EPI_ISL_18308395|2022-12-02,"[0.0, 0.0, 0.0, 0.0, 0.0, 0.0, 0.0, 0.0, 0.0, 0.0, 0.0, 0.0, 0.0, 1.0, 0.0, 0.0, 0.0, 0.0, 0.0, 0.0, 0.0, 0.0, 0.0, 0.0, 0.0, 0.0, 0.0, 0.0, 0.0, 0.0, 0.0]"
NODE_0000434,"[9.008005605874235e-06, 1.532084391278922e-05, 3.889266611045124e-05, 8.462903413429466e-06, 3.5992079466474976e-05, 2.856693599799591e-05, 1.1965917816885208e-05, 8.315900555312032e-06, 8.400553935962613e-06, 8.284753041315035e-06, 8.083455262479371e-06, 8.292434395331281e-06, 8.22830008440109e-06, 1.1794862506709203e-05, 8.513316902046972e-06, 0.9477045463981189, 8.748665852407428e-06, 8.292434395330848e-06, 8.29243439533222e-06, 1.1463126792441248e-05, 0.05180190630143141, 8.640860838192787e-06, 8.136508707353365e-06, 8.371796635119958e-06, 7.4782665350613975e-06, 7.927644562939536e-06, 7.682834912690359e-06, 7.946018597771133e-06, 8.065973865662512e-06, 0.00016599032673355148, 8.38747861838157e-06]"
hMpxV/Mexico/HID_InDRE_F5587/2022|EPI_ISL_17703580|2022-12-09,"[0.0, 0.0, 0.0, 0.0, 0.0, 0.0, 0.0, 0.0, 0.0, 0.0, 0.0, 0.0, 0.0, 0.0, 0.0, 1.0, 0.0, 0.0, 0.0, 0.0, 0.0, 0.0, 0.0, 0.0, 0.0, 0.0, 0.0, 0.0, 0.0, 0.0, 0.0]"
hMpxV/Mexico/CMX_InDRE_F420/2023|EPI_ISL_17703609|2023-03-21,"[0.0, 0.0, 0.0, 0.0, 0.0, 0.0, 0.0, 0.0, 0.0, 0.0, 0.0, 0.0, 0.0, 0.0, 0.0, 0.9999999999999999, 0.0, 0.0, 0.0, 0.0, 0.0, 0.0, 0.0, 0.0, 0.0, 0.0, 0.0, 0.0, 0.0, 0.0, 0.0]"
NODE_0000457,"[5.573021330200195e-09, 1.302644309589753e-08, 4.841578373642891e-08, 5.979411912525225e-09, 0.9996659808926831, 7.643282163550617e-09, 8.58581790160899e-09, 5.857324839855474e-09, 5.927463377519279e-09, 5.826263604924514e-09, 5.669007491004245e-09, 5.841398528243729e-09, 5.72460968019291e-09, 8.415202489018302e-09, 5.449718173591332e-09, 2.6655764684869116e-08, 6.028726507384174e-09, 5.84139852824647e-09, 5.841398528237663e-09, 8.076304629114652e-09, 0.0003337551759880043, 6.085217178638785e-09, 5.074361101680469e-09, 5.907622481388614e-09, 4.938401296724842e-09, 5.482240475885147e-09, 5.159523365286239e-09, 5.514008070539718e-09, 5.59141445989781e-09, 2.3884081712563324e-08, 5.916117856349665e-09]"
hMpxV/Chile/RM-ISP-129697/2022|EPI_ISL_19345324|2022-11-18,"[0.0, 0.0, 0.0, 0.0, 1.0, 0.0, 0.0, 0.0, 0.0, 0.0, 0.0, 0.0, 0.0, 0.0, 0.0, 0.0, 0.0, 0.0, 0.0, 0.0, 0.0, 0.0, 0.0, 0.0, 0.0, 0.0, 0.0, 0.0, 0.0, 0.0, 0.0]"
hMpxV/Chile/RM-ISP-129922/2022|EPI_ISL_19345327|2022-11-19,"[0.0, 0.0, 0.0, 0.0, 1.0, 0.0, 0.0, 0.0, 0.0, 0.0, 0.0, 0.0, 0.0, 0.0, 0.0, 0.0, 0.0, 0.0, 0.0, 0.0, 0.0, 0.0, 0.0, 0.0, 0.0, 0.0, 0.0, 0.0, 0.0, 0.0, 0.0]"
NODE_0000464,"[0.00015510959679326442, 0.01709464230230156, 0.000644929057338078, 0.0001619418398599479, 0.1645405093515182, 0.00020618491433926849, 0.00023083560801108252, 0.00015839681598173747, 0.0001602908583610891, 0.00015766929478776956, 0.00015307280274061202, 0.00015800638273865043, 0.0001557972575590287, 0.00022672516215459124, 0.00015026810493383365, 0.0007266262612728809, 0.0001636227280897225, 0.0001580063827386478, 0.00015800638273864208, 0.0002183969067775416, 0.8122372804020576, 0.00016560349992879802, 0.0001394370834288859, 0.00015984244404217043, 0.000135742245216529, 0.00014825786328130457, 0.00014122425725527672, 0.00014890388825994282, 0.00015185652634917233, 0.0006327738397203949, 0.00016003993942369327]"
hMpxV/Chile/RM-ISP-135494/2022|EPI_ISL_19345347|2022-12-09,"[0.0, 0.0, 0.0, 0.0, 1.0, 0.0, 0.0, 0.0, 0.0, 0.0, 0.0, 0.0, 0.0, 0.0, 0.0, 0.0, 0.0, 0.0, 0.0, 0.0, 0.0, 0.0, 0.0, 0.0, 0.0, 0.0, 0.0, 0.0, 0.0, 0.0, 0.0]"
hMpxV/Belgium/ITM-19012023A/2023|EPI_ISL_17261491|2023-01-19,"[0.0, 1.0, 0.0, 0.0, 0.0, 0.0, 0.0, 0.0, 0.0, 0.0, 0.0, 0.0, 0.0, 0.0, 0.0, 0.0, 0.0, 0.0, 0.0, 0.0, 0.0, 0.0, 0.0, 0.0, 0.0, 0.0, 0.0, 0.0, 0.0, 0.0, 0.0]"
NODE_0000319,"[1.292940697421004e-10, 1.9733338885313286e-11, 1.1637392918275537e-09, 1.1126061997432935e-11, 6.672573818946608e-11, 1.4248821825624912e-11, 1.589668786123621e-11, 1.131611732803281e-11, 1.1332777987188619e-11, 1.1201120180352266e-11, 1.1371513006725337e-11, 1.1246154795412823e-11, 1.0508824755249633e-11, 1.55216793889301e-11, 3.299194384736725e-11, 6.777134846861522e-10, 7.843891717590672e-11, 1.124615479542598e-11, 1.124615479542066e-11, 1.4705950905203983e-11, 9.650557057016582e-07, 1.069975662966673e-11, 1.3175497405337618e-10, 1.1202914783029575e-11, 1.8434497466755995e-11, 3.3031979420318794e-11, 9.718889969460445e-12, 3.1487412158404245e-11, 1.0609387503873098e-11, 0.9999990323464826, 1.1267033377028183e-11]"
hMpxV/USA/CA-CDPH-1000174/2022|EPI_ISL_16930174|2022-12-23,"[0.0, 0.0, 0.0, 0.0, 0.0, 0.0, 0.0, 0.0, 0.0, 0.0, 0.0, 0.0, 0.0, 0.0, 0.0, 0.0, 0.0, 0.0, 0.0, 0.0, 0.0, 0.0, 0.0, 0.0, 0.0, 0.0, 0.0, 0.0, 0.0, 1.0, 0.0]"
hMpxV/USA/CA-CDPH-1M1000229/2023|EPI_ISL_18460505|2023-03-31,"[0.0, 0.0, 0.0, 0.0, 0.0, 0.0, 0.0, 0.0, 0.0, 0.0, 0.0, 0.0, 0.0, 0.0, 0.0, 0.0, 0.0, 0.0, 0.0, 0.0, 0.0, 0.0, 0.0, 0.0, 0.0, 0.0, 0.0, 0.0, 0.0, 1.0, 0.0]"
hMpxV/USA/CA-CDPH-1MPX1000174/2022|EPI_ISL_17206608|2022-12-23,"[0.0, 0.0, 0.0, 0.0, 0.0, 0.0, 0.0, 0.0, 0.0, 0.0, 0.0, 0.0, 0.0, 0.0, 0.0, 0.0, 0.0, 0.0, 0.0, 0.0, 0.0, 0.0, 0.0, 0.0, 0.0, 0.0, 0.0, 0.0, 0.0, 1.0, 0.0]"
NODE_0000333,"[6.822539779334194e-13, 2.211864675340664e-12, 3.460797713764754e-11, 1.839936508408676e-13, 8.576518634268448e-11, 5.099658614137594e-13, 8.32620299274071e-13, 1.8287886787832637e-13, 1.839294401954623e-13, 1.8216254540350053e-13, 1.803372828591986e-13, 1.823265879211505e-13, 1.794204608132656e-13, 8.034295709235874e-13, 6.480950349187702e-13, 2.7719271036469957e-10, 2.2793759908248637e-13, 1.8232658792114357e-13, 1.8232658792115107e-13, 7.796424554786091e-13, 0.9999999988561912, 1.8432612603953032e-13, 8.957229614028686e-13, 1.8312745357754927e-13, 1.696958359157511e-13, 1.7889792575070575e-13, 1.7803379447440834e-13, 1.796272126604481e-13, 1.783180279566548e-13, 7.355762083650178e-10, 1.8356243512577124e-13]"
hMpxV/Peru/LIM-INS-340/2022|EPI_ISL_16999084|2022-12-20,"[0.0, 0.0, 0.0, 0.0, 0.0, 0.0, 0.0, 0.0, 0.0, 0.0, 0.0, 0.0, 0.0, 0.0, 0.0, 0.0, 0.0, 0.0, 0.0, 0.0, 1.0, 0.0, 0.0, 0.0, 0.0, 0.0, 0.0, 0.0, 0.0, 0.0, 0.0]"
hMpxV/Peru/LIM-INS-335/2022|EPI_ISL_16999124|2022-12-02,"[0.0, 0.0, 0.0, 0.0, 0.0, 0.0, 0.0, 0.0, 0.0, 0.0, 0.0, 0.0, 0.0, 0.0, 0.0, 0.0, 0.0, 0.0, 0.0, 0.0, 1.0, 0.0, 0.0, 0.0, 0.0, 0.0, 0.0, 0.0, 0.0, 0.0, 0.0]"
hMpxV/Peru/LIM-INS-330/2022|EPI_ISL_16999111|2022-11-30,"[0.0, 0.0, 0.0, 0.0, 0.0, 0.0, 0.0, 0.0, 0.0, 0.0, 0.0, 0.0, 0.0, 0.0, 0.0, 0.0, 0.0, 0.0, 0.0, 0.0, 0.9999999999999999, 0.0, 0.0, 0.0, 0.0, 0.0, 0.0, 0.0, 0.0, 0.0, 0.0]"
NODE_0000347,"[4.295385506144087e-06, 2.5830221001806054e-06, 0.6941212592106905, 1.2863471219742584e-06, 0.25393926998613175, 1.6533292346756325e-06, 2.1335854843003474e-06, 1.283654563509803e-06, 1.2932020857642224e-06, 1.2715792583574036e-06, 1.2598457913552422e-06, 1.2761436792908829e-06, 1.2081808420885985e-06, 1.8185601006970873e-06, 1.1788696049573502e-06, 1.289043849637142e-05, 1.303289248695994e-06, 1.2761436792913106e-06, 1.27614367928984e-06, 1.7233642274879598e-06, 0.05182386598184909, 1.258472250884179e-06, 1.1909477289553096e-05, 1.2810104081137338e-06, 1.064708047147742e-06, 1.224657329717348e-06, 1.0670580443997428e-06, 1.2395914701232597e-06, 1.1955161587701278e-06, 5.306623731926864e-05, 1.2870083064682493e-06]"
hMpxV/Brazil/RJ-FIOCRUZ-29653/2022|EPI_ISL_16871162|2022-12-11,"[0.0, 0.0, 1.0, 0.0, 0.0, 0.0, 0.0, 0.0, 0.0, 0.0, 0.0, 0.0, 0.0, 0.0, 0.0, 0.0, 0.0, 0.0, 0.0, 0.0, 0.0, 0.0, 0.0, 0.0, 0.0, 0.0, 0.0, 0.0, 0.0, 0.0, 0.0]"
hMpxV/Brazil/RJ-FIOCRUZ-29816/2022|EPI_ISL_17614048|2022-12-11,"[0.0, 0.0, 1.0, 0.0, 0.0, 0.0, 0.0, 0.0, 0.0, 0.0, 0.0, 0.0, 0.0, 0.0, 0.0, 0.0, 0.0, 0.0, 0.0, 0.0, 0.0, 0.0, 0.0, 0.0, 0.0, 0.0, 0.0, 0.0, 0.0, 0.0, 0.0]"
hMpxV/Chile/CO-ISP-131666/2022|EPI_ISL_19345331|2022-11-24,"[0.0, 0.0, 0.0, 0.0, 1.0, 0.0, 0.0, 0.0, 0.0, 0.0, 0.0, 0.0, 0.0, 0.0, 0.0, 0.0, 0.0, 0.0, 0.0, 0.0, 0.0, 0.0, 0.0, 0.0, 0.0, 0.0, 0.0, 0.0, 0.0, 0.0, 0.0]"
NODE_0000371,"[0.0003138584990486746, 0.0001174157215907122, 0.19703867624720542, 6.471648284786115e-05, 0.0006073241047419286, 8.284330961580186e-05, 9.89995587685602e-05, 6.479697094100961e-05, 6.526319776225541e-05, 6.432488669524916e-05, 6.390812799282256e-05, 6.434605432381243e-05, 6.246050894595471e-05, 9.15893817535327e-05, 9.824674712543561e-05, 0.0011070777559169314, 0.00012828043341751413, 6.434605432381203e-05, 6.434605432381264e-05, 8.808367245092467e-05, 0.5295649811175631, 6.435303365135374e-05, 0.00048363942272824196, 6.45524675769844e-05, 7.322029672500062e-05, 9.025825319544874e-05, 5.8807648257464386e-05, 8.898964767649605e-05, 6.211140300965386e-05, 0.26903322106012156, 6.496187970276414e-05]"
hMpxV/USA/CA-LACPHL-MA00410/2023|EPI_ISL_16997460|2023-01-03,"[0.0, 0.0, 0.0, 0.0, 0.0, 0.0, 0.0, 0.0, 0.0, 0.0, 0.0, 0.0, 0.0, 0.0, 0.0, 0.0, 0.0, 0.0, 0.0, 0.0, 0.0, 0.0, 0.0, 0.0, 0.0, 0.0, 0.0, 0.0, 0.0, 1.0, 0.0]"
NODE_0000372,"[8.22274920854726e-07, 2.3955098928182473e-07, 0.9994886980151728, 1.5762697627745912e-07, 1.9640572663825766e-06, 1.8594851278206292e-07, 2.3136286175773434e-07, 1.5732121229166625e-07, 1.5817422796037e-07, 1.5629223892908418e-07, 1.5532337658534536e-07, 1.5671836562206604e-07, 1.5088503329578897e-07, 1.9726755617925427e-07, 1.6376272071788345e-07, 1.4608531212012147e-06, 2.151030426103318e-07, 1.567183656220538e-07, 1.5671836562206691e-07, 1.900588703318287e-07, 0.0003697465121866533, 1.555672153414619e-07, 2.1787353965857475e-06, 1.5718652563236975e-07, 1.5076378028813036e-07, 1.7941293041673974e-07, 1.3877054856290876e-07, 1.7915456421178762e-07, 1.498901472239082e-07, 0.00013103231337285151, 1.5766013504696836e-07]"
hMpxV/Brazil/RJ-FIOCRUZ-29820/2022|EPI_ISL_17614032|2022-12-27,"[0.0, 0.0, 1.0, 0.0, 0.0, 0.0, 0.0, 0.0, 0.0, 0.0, 0.0, 0.0, 0.0, 0.0, 0.0, 0.0, 0.0, 0.0, 0.0, 0.0, 0.0, 0.0, 0.0, 0.0, 0.0, 0.0, 0.0, 0.0, 0.0, 0.0, 0.0]"
hMpxV/Brazil/RJ-FIOCRUZ-3014/2023|EPI_ISL_17485343|2023-01-02,"[0.0, 0.0, 1.0, 0.0, 0.0, 0.0, 0.0, 0.0, 0.0, 0.0, 0.0, 0.0, 0.0, 0.0, 0.0, 0.0, 0.0, 0.0, 0.0, 0.0, 0.0, 0.0, 0.0, 0.0, 0.0, 0.0, 0.0, 0.0, 0.0, 0.0, 0.0]"
NODE_0000390,"[1.915288582975486e-05, 0.9963777657448678, 3.5172507261732e-05, 2.208457770972836e-05, 8.31855577998416e-05, 2.673658446104817e-05, 2.8783356065984344e-05, 2.160630012257938e-05, 2.1910254195609577e-05, 2.1473997026627436e-05, 2.0823030819858107e-05, 2.1506341912896376e-05, 2.114670816243949e-05, 2.8262302570430524e-05, 1.7945607133392347e-05, 7.443572768554282e-05, 2.2442230994917733e-05, 2.1506341912895597e-05, 2.1506341912893513e-05, 2.716580291356016e-05, 0.002829798250322438, 2.2629258681233345e-05, 1.642618277311108e-05, 2.1778262846545226e-05, 1.8488574327111358e-05, 2.0283527465758404e-05, 1.910866885707308e-05, 2.0372894673438786e-05, 2.0640369963567586e-05, 5.401194867058018e-05, 2.1849860059275328e-05]"
hMpxV/Belgium/ITM-02022023G/2023|EPI_ISL_17260709|2023-02-02,"[0.0, 1.0, 0.0, 0.0, 0.0, 0.0, 0.0, 0.0, 0.0, 0.0, 0.0, 0.0, 0.0, 0.0, 0.0, 0.0, 0.0, 0.0, 0.0, 0.0, 0.0, 0.0, 0.0, 0.0, 0.0, 0.0, 0.0, 0.0, 0.0, 0.0, 0.0]"
NODE_0000391,"[1.3518017020542226e-09, 0.9999997852315933, 1.7983765475500183e-09, 2.1306222649315288e-09, 5.394891248002759e-09, 2.3422664556487868e-09, 2.424217867933372e-09, 2.079033736226408e-09, 2.1100087859424334e-09, 2.0626539324197804e-09, 1.996440870262041e-09, 2.0709853655359676e-09, 1.9998289789901147e-09, 2.365015521423174e-09, 1.328256651360445e-09, 4.049495808959404e-09, 2.0605964706123567e-09, 2.070985365533059e-09, 2.0709853655275787e-09, 2.2423735165366423e-09, 1.5205015230738885e-07, 2.165602492889417e-09, 1.16231740241855e-09, 2.0991393119714653e-09, 1.6441671510055043e-09, 1.9190851690146563e-09, 1.7185733186216506e-09, 1.935803612020065e-09, 1.9441293895367267e-09, 2.076907116486157e-09, 2.103692895618146e-09]"
hMpxV/Belgium/ITM-02022023A/2023|EPI_ISL_17261959|2023-02-02,"[0.0, 1.0, 0.0, 0.0, 0.0, 0.0, 0.0, 0.0, 0.0, 0.0, 0.0, 0.0, 0.0, 0.0, 0.0, 0.0, 0.0, 0.0, 0.0, 0.0, 0.0, 0.0, 0.0, 0.0, 0.0, 0.0, 0.0, 0.0, 0.0, 0.0, 0.0]"
hMpxV/Belgium/ITM-26012023A/2023|EPI_ISL_17260600|2023-01-26,"[0.0, 0.9999999999999999, 0.0, 0.0, 0.0, 0.0, 0.0, 0.0, 0.0, 0.0, 0.0, 0.0, 0.0, 0.0, 0.0, 0.0, 0.0, 0.0, 0.0, 0.0, 0.0, 0.0, 0.0, 0.0, 0.0, 0.0, 0.0, 0.0, 0.0, 0.0, 0.0]"
NODE_0000448,"[6.23794359927419e-09, 1.4025099734870122e-08, 1.0256201797420159e-07, 2.4290817199458985e-09, 1.9600019072213686e-07, 4.989316769437207e-09, 6.953986966849054e-09, 2.4028292884661383e-09, 2.425033080165711e-09, 2.3949355174163492e-09, 2.351974000264367e-09, 2.3911262045540894e-09, 2.3975144559663997e-09, 6.812117095326226e-09, 5.55647664562526e-09, 4.510198488590843e-07, 2.876504863383988e-09, 2.3911262045540406e-09, 2.3911262045540977e-09, 6.6732935654973004e-09, 0.9999981199998634, 2.4821843608189156e-09, 6.6446098604851634e-09, 2.409298195752539e-09, 2.3290405710418686e-09, 2.3433219333244726e-09, 2.3988751257931297e-09, 2.3428654214895518e-09, 2.3728327238682478e-09, 1.028975992968045e-06, 2.4195716083139115e-09]"
hMpxV/Peru/LIM-INS-429/2023|EPI_ISL_19343466|2023-01-21,"[0.0, 0.0, 0.0, 0.0, 0.0, 0.0, 0.0, 0.0, 0.0, 0.0, 0.0, 0.0, 0.0, 0.0, 0.0, 0.0, 0.0, 0.0, 0.0, 0.0, 0.9999999999999999, 0.0, 0.0, 0.0, 0.0, 0.0, 0.0, 0.0, 0.0, 0.0, 0.0]"
NODE_0000449,"[5.490445839005833e-11, 1.364212589020785e-10, 1.0833047016723243e-09, 1.9982188213792366e-11, 2.2098665252255193e-09, 4.3738788548809005e-11, 6.399229184676622e-11, 1.9744808036548446e-11, 1.9894131276893022e-11, 1.9699232502253318e-11, 1.935919638919982e-11, 1.969488419716578e-11, 1.9696503841137755e-11, 6.257530890475742e-11, 5.133582581195521e-11, 5.25468360883719e-09, 2.33734921268927e-11, 1.969488419716506e-11, 1.969488419716659e-11, 6.112247021985245e-11, 0.9999999787281821, 2.033265294427053e-11, 6.201784753760347e-11, 1.9833254168272297e-11, 1.8697177518589585e-11, 1.908905543813191e-11, 1.9511140172157083e-11, 1.9110878306350752e-11, 1.9445662838346027e-11, 1.1831129473191882e-08, 1.9871220862878886e-11]"
hMpxV/Peru/LIM-INS-379/2023|EPI_ISL_19343478|2023-01-23,"[0.0, 0.0, 0.0, 0.0, 0.0, 0.0, 0.0, 0.0, 0.0, 0.0, 0.0, 0.0, 0.0, 0.0, 0.0, 0.0, 0.0, 0.0, 0.0, 0.0, 1.0, 0.0, 0.0, 0.0, 0.0, 0.0, 0.0, 0.0, 0.0, 0.0, 0.0]"
hMpxV/Peru/CAL-INS-367/2023|EPI_ISL_19343513|2023-01-20,"[0.0, 0.0, 0.0, 0.0, 0.0, 0.0, 0.0, 0.0, 0.0, 0.0, 0.0, 0.0, 0.0, 0.0, 0.0, 0.0, 0.0, 0.0, 0.0, 0.0, 0.9999999999999999, 0.0, 0.0, 0.0, 0.0, 0.0, 0.0, 0.0, 0.0, 0.0, 0.0]"
NODE_0000450,"[0.00044462604310184067, 0.0008113777764886745, 0.0012924058895272513, 0.0004657369810896804, 0.001791926802660133, 0.2352189487361768, 0.000641050481346097, 0.00045664443804422294, 0.0004621084237337377, 0.0004543380240035135, 0.0004420861355078891, 0.00045505969947602003, 0.0004484272325836413, 0.000629982321896709, 0.00042245012219841474, 0.37294878293592537, 0.000475937147721667, 0.0004550596994760046, 0.00045505969947602046, 0.0006078883329334549, 0.3733848208625675, 0.00047554358927594795, 0.0003958317503705319, 0.0004600766944625676, 0.00039683305185680604, 0.00043124394385238367, 0.00041005801267113165, 0.00043296363087071956, 0.0004385922408243281, 0.0033330062676267163, 0.00046113303225452367]"
hMpxV/Mexico/VER_InDRE_F158/2023|EPI_ISL_17672246|2023-01-23,"[0.0, 0.0, 0.0, 0.0, 0.0, 0.0, 0.0, 0.0, 0.0, 0.0, 0.0, 0.0, 0.0, 0.0, 0.0, 1.0, 0.0, 0.0, 0.0, 0.0, 0.0, 0.0, 0.0, 0.0, 0.0, 0.0, 0.0, 0.0, 0.0, 0.0, 0.0]"
NODE_0000451,"[3.9238545655856493e-07, 7.804142937562696e-07, 7.25176455685279e-07, 5.314035376039048e-07, 1.4376786125556442e-06, 0.9997855093618297, 6.535382440200638e-07, 5.194487989654481e-07, 5.265076945158457e-07, 5.159271238167305e-07, 5.005570217888972e-07, 5.177035228290525e-07, 5.029893061624912e-07, 6.392780423746178e-07, 3.8354108657609567e-07, 0.00012268791837757566, 5.228337657616521e-07, 5.177035228289429e-07, 5.177035228290124e-07, 6.095041968788662e-07, 7.561456963809423e-05, 5.403057094268537e-07, 3.4504236668064506e-07, 5.242080167661564e-07, 4.226247412804615e-07, 4.832429020490811e-07, 4.408783466756614e-07, 4.867969916009214e-07, 4.900248303393621e-07, 1.1355579051089698e-06, 5.25174138860591e-07]"
hMpxV/Dominican_Republic/LNSPDD-270/2022|EPI_ISL_17960865|2022-12-28,"[0.0, 0.0, 0.0, 0.0, 0.0, 1.0, 0.0, 0.0, 0.0, 0.0, 0.0, 0.0, 0.0, 0.0, 0.0, 0.0, 0.0, 0.0, 0.0, 0.0, 0.0, 0.0, 0.0, 0.0, 0.0, 0.0, 0.0, 0.0, 0.0, 0.0, 0.0]"
hMpxV/Dominican_Republic/LNSPDD-271/2023|EPI_ISL_17960866|2023-01-04,"[0.0, 0.0, 0.0, 0.0, 0.0, 1.0, 0.0, 0.0, 0.0, 0.0, 0.0, 0.0, 0.0, 0.0, 0.0, 0.0, 0.0, 0.0, 0.0, 0.0, 0.0, 0.0, 0.0, 0.0, 0.0, 0.0, 0.0, 0.0, 0.0, 0.0, 0.0]"
NODE_0000455,"[2.2662355295493596e-13, 7.057412530193536e-13, 1.0726568272132247e-11, 6.277475350080818e-14, 2.591787370300434e-11, 1.6962832843590015e-13, 2.7161956608277294e-13, 6.242001468761668e-14, 6.281985604625011e-14, 6.215197980950716e-14, 6.151097086277948e-14, 6.217450617639843e-14, 6.124819599622683e-14, 2.6228786099117123e-13, 2.1110628156932584e-13, 8.307273810125225e-11, 7.813333389173517e-14, 6.217450617639625e-14, 6.217450617641055e-14, 2.548117829637605e-13, 0.999999999654073, 6.299437833270499e-14, 2.906397054711605e-13, 6.246224129659748e-14, 5.84493959578201e-14, 6.12700102935483e-14, 6.100315782509506e-14, 6.148712320140981e-14, 6.092648639611591e-14, 2.2268837389139378e-10, 6.266776386920798e-14]"
hMpxV/Peru/LIM-INS-369/2023|EPI_ISL_19343510|2023-01-04,"[0.0, 0.0, 0.0, 0.0, 0.0, 0.0, 0.0, 0.0, 0.0, 0.0, 0.0, 0.0, 0.0, 0.0, 0.0, 0.0, 0.0, 0.0, 0.0, 0.0, 1.0, 0.0, 0.0, 0.0, 0.0, 0.0, 0.0, 0.0, 0.0, 0.0, 0.0]"
hMpxV/Peru/LIM-INS-386/2023|EPI_ISL_19343504|2023-01-06,"[0.0, 0.0, 0.0, 0.0, 0.0, 0.0, 0.0, 0.0, 0.0, 0.0, 0.0, 0.0, 0.0, 0.0, 0.0, 0.0, 0.0, 0.0, 0.0, 0.0, 1.0, 0.0, 0.0, 0.0, 0.0, 0.0, 0.0, 0.0, 0.0, 0.0, 0.0]"
hMpxV/Peru/CAL-INS-370/2023|EPI_ISL_19343517|2023-01-18,"[0.0, 0.0, 0.0, 0.0, 0.0, 0.0, 0.0, 0.0, 0.0, 0.0, 0.0, 0.0, 0.0, 0.0, 0.0, 0.0, 0.0, 0.0, 0.0, 0.0, 0.9999999999999999, 0.0, 0.0, 0.0, 0.0, 0.0, 0.0, 0.0, 0.0, 0.0, 0.0]"
NODE_0000456,"[5.7934114613129926e-11, 1.1412654391567379e-10, 4.556342174781836e-09, 6.2194482475048e-11, 2.625823329389573e-10, 7.952341104490159e-11, 8.950459539082465e-11, 4.49330623575729e-10, 8.730737543313118e-10, 2.004149157125525e-10, 1.3930113535103181e-10, 6.149612025546637e-11, 5.927378983173441e-11, 1.282889555200193e-09, 1.516695246784942e-10, 2.917556481619983e-10, 9.846995970805916e-10, 6.149612025545563e-11, 6.149612025540016e-11, 2.090453174439201e-10, 1.2320350976953374e-07, 6.169219748864427e-11, 0.9999998447959826, 6.222493529584125e-11, 1.8860809954113256e-08, 5.896158124683248e-11, 5.405692017460297e-11, 5.961151063025469e-11, 5.853820444753552e-11, 2.2849468650538268e-09, 4.515158161886464e-10]"
hMpxV/Portugal/INSA-PT0596/2022|EPI_ISL_18545153|2022-11-29,"[0.0, 0.0, 0.0, 0.0, 0.0, 0.0, 0.0, 0.0, 0.0, 0.0, 0.0, 0.0, 0.0, 0.0, 0.0, 0.0, 0.0, 0.0, 0.0, 0.0, 0.0, 0.0, 0.9999999999999999, 0.0, 0.0, 0.0, 0.0, 0.0, 0.0, 0.0, 0.0]"
hMpxV/Portugal/INSA-PT0607/2022|EPI_ISL_18545144|2022-12-07,"[0.0, 0.0, 0.0, 0.0, 0.0, 0.0, 0.0, 0.0, 0.0, 0.0, 0.0, 0.0, 0.0, 0.0, 0.0, 0.0, 0.0, 0.0, 0.0, 0.0, 0.0, 0.0, 1.0, 0.0, 0.0, 0.0, 0.0, 0.0, 0.0, 0.0, 0.0]"
hMpxV/Portugal/INSA-PT0598/2022|EPI_ISL_18544953|2022-11-25,"[0.0, 0.0, 0.0, 0.0, 0.0, 0.0, 0.0, 0.0, 0.0, 0.0, 0.0, 0.0, 0.0, 0.0, 0.0, 0.0, 0.0, 0.0, 0.0, 0.0, 0.0, 0.0, 1.0, 0.0, 0.0, 0.0, 0.0, 0.0, 0.0, 0.0, 0.0]"
NODE_0000325,"[3.41561520919612e-09, 8.154182778571317e-09, 6.233733193457746e-08, 1.2778763674615941e-09, 1.2376691883020075e-07, 2.7260894385715935e-09, 3.910527476439033e-09, 1.2633507572973965e-09, 1.2738004231873474e-09, 1.2598803779779357e-09, 1.2378620546613569e-09, 1.258861962676029e-09, 1.2601914706519388e-09, 3.826410407000105e-09, 3.1309035156627967e-09, 2.884536816850021e-07, 1.5034610423881937e-09, 1.2588619626760089e-09, 1.258861962676044e-09, 3.742185431370603e-09, 0.9999988217754994, 1.3025356891845291e-09, 3.767175148309094e-09, 1.2679789480561027e-09, 1.2084854890146308e-09, 1.2260601004594503e-09, 1.2542037149967853e-09, 1.226780695309036e-09, 1.2456776691245507e-09, 6.481370384466071e-07, 1.2717097961214927e-09]"
hMpxV/Peru/LAL-INS-281/2022|EPI_ISL_16999073|2022-12-06,"[0.0, 0.0, 0.0, 0.0, 0.0, 0.0, 0.0, 0.0, 0.0, 0.0, 0.0, 0.0, 0.0, 0.0, 0.0, 0.0, 0.0, 0.0, 0.0, 0.0, 1.0, 0.0, 0.0, 0.0, 0.0, 0.0, 0.0, 0.0, 0.0, 0.0, 0.0]"
NODE_0000326,"[1.6593145941390368e-13, 5.437401562199577e-13, 8.576561539352321e-12, 4.442990253556194e-14, 2.1400041894297507e-11, 1.2398236096616354e-13, 2.0349376689078851e-13, 4.4154812655450375e-14, 4.4400237482210294e-14, 4.398688304861049e-14, 4.3548906710846206e-14, 4.403326677234179e-14, 4.3319985599137114e-14, 1.963255917187169e-13, 1.5847859369157468e-13, 6.937763973031904e-11, 5.495938707148178e-14, 4.4033266772340834e-14, 4.403326677235072e-14, 1.9045196247071512e-13, 0.9999999997142683, 4.448995869840503e-14, 2.1923457585486772e-13, 4.422406358022287e-14, 4.086472455578612e-14, 4.31505777686786e-14, 4.2935157274791996e-14, 4.3332806683210906e-14, 4.304090401555617e-14, 1.8377868100736606e-10, 4.431726989197699e-14]"
hMpxV/Peru/LAL-INS-348/2022|EPI_ISL_16999070|2022-12-23,"[0.0, 0.0, 0.0, 0.0, 0.0, 0.0, 0.0, 0.0, 0.0, 0.0, 0.0, 0.0, 0.0, 0.0, 0.0, 0.0, 0.0, 0.0, 0.0, 0.0, 1.0, 0.0, 0.0, 0.0, 0.0, 0.0, 0.0, 0.0, 0.0, 0.0, 0.0]"
hMpxV/Peru/LAL-INS-333/2022|EPI_ISL_16999069|2022-12-10,"[0.0, 0.0, 0.0, 0.0, 0.0, 0.0, 0.0, 0.0, 0.0, 0.0, 0.0, 0.0, 0.0, 0.0, 0.0, 0.0, 0.0, 0.0, 0.0, 0.0, 1.0, 0.0, 0.0, 0.0, 0.0, 0.0, 0.0, 0.0, 0.0, 0.0, 0.0]"
hMpxV/Peru/LAL-INS-337/2022|EPI_ISL_16999071|2022-12-19,"[0.0, 0.0, 0.0, 0.0, 0.0, 0.0, 0.0, 0.0, 0.0, 0.0, 0.0, 0.0, 0.0, 0.0, 0.0, 0.0, 0.0, 0.0, 0.0, 0.0, 1.0, 0.0, 0.0, 0.0, 0.0, 0.0, 0.0, 0.0, 0.0, 0.0, 0.0]"
NODE_0000452,"[0.00030496038967121344, 0.00016047290436876696, 0.0012445773122522225, 9.293590236207027e-05, 0.0004284118069450713, 0.00011693196695294252, 0.0001280701580402215, 9.257332515974139e-05, 9.356234070348991e-05, 9.204117723955078e-05, 9.078927393893392e-05, 9.181903983085603e-05, 9.15988284367191e-05, 0.00012847972172903095, 0.00015340035062040921, 0.0012308590544281323, 0.00021548102155872478, 9.181903983085801e-05, 9.181903983085634e-05, 0.00012420137884651555, 0.14155794582941464, 9.469297315635358e-05, 0.00025383888807235333, 9.246121276279165e-05, 0.00011516906467795668, 0.00013796194805992546, 8.920387780092959e-05, 0.00013497087506514262, 9.060750638857904e-05, 0.8522751797114865, 9.316408036881636e-05]"
NODE_0000453,"[0.0005174264090593957, 0.000248671965495805, 0.0008011334583932832, 0.00025006651471905754, 0.00027347253090349855, 0.00024986031437788204, 0.00024658225416829304, 0.0002487171008305032, 0.0002524093609140633, 0.00024671684867948526, 0.00024182067069462222, 0.0002460960629697147, 0.0003290089298380184, 0.000413672335670649, 0.000274173133636687, 0.0005531721436646187, 0.018415447505777033, 0.0002460960629697212, 0.0002460960629697085, 0.00023820651258486868, 0.0013437066673677178, 0.00025678137783739275, 0.0007895858624978228, 0.0002485556251901289, 0.00039209248853754156, 0.000364260054798609, 0.00022570141711115226, 0.0004757483738328802, 0.0002393160673221657, 0.9708744282712467, 0.0002509776159409319]"
hMpxV/USA/WA-UW-288850/2024|EPI_ISL_19131278|2024-04-18,"[0.0, 0.0, 0.0, 0.0, 0.0, 0.0, 0.0, 0.0, 0.0, 0.0, 0.0, 0.0, 0.0, 0.0, 0.0, 0.0, 0.0, 0.0, 0.0, 0.0, 0.0, 0.0, 0.0, 0.0, 0.0, 0.0, 0.0, 0.0, 0.0, 1.0, 0.0]"
hMpxV/Netherlands/un-EMC-NL109/2024|EPI_ISL_19356930|2024-07-02,"[0.0, 0.0, 0.0, 0.0, 0.0, 0.0, 0.0, 0.0, 0.0, 0.0, 0.0, 0.0, 0.0, 0.0, 0.0, 0.0, 1.0, 0.0, 0.0, 0.0, 0.0, 0.0, 0.0, 0.0, 0.0, 0.0, 0.0, 0.0, 0.0, 0.0, 0.0]"
NODE_0000454,"[2.227807732918218e-07, 5.409864839510916e-08, 1.3922540785773305e-06, 3.202026917751213e-08, 1.5928599964464685e-07, 4.005611826577012e-08, 4.401782508356975e-08, 3.2240901376935236e-08, 3.2362813953103105e-08, 3.199945063019023e-08, 3.212161237079587e-08, 3.2080475916551485e-08, 3.072065760304093e-08, 4.323790533827793e-08, 7.469251892091739e-08, 9.836872257436847e-07, 1.4802648808053544e-07, 3.208047591655296e-08, 3.208047591655135e-08, 4.148110093858516e-08, 0.0003637418342724888, 3.146298320424688e-08, 2.1048084765341153e-07, 3.2084542767597905e-08, 4.723135448694215e-08, 7.306903338209616e-08, 2.8813961714453157e-08, 7.039128456160006e-08, 3.0750976617003304e-08, 0.9996322103279438, 3.2226984025311366e-08]"
hMpxV/USA/CA-CDPH-1M1000245/2023|EPI_ISL_18458964|2023-01-10,"[0.0, 0.0, 0.0, 0.0, 0.0, 0.0, 0.0, 0.0, 0.0, 0.0, 0.0, 0.0, 0.0, 0.0, 0.0, 0.0, 0.0, 0.0, 0.0, 0.0, 0.0, 0.0, 0.0, 0.0, 0.0, 0.0, 0.0, 0.0, 0.0, 1.0, 0.0]"
hMpxV/USA/CA-LACPHL-MA00478/2023|EPI_ISL_17211332|2023-01-08,"[0.0, 0.0, 0.0, 0.0, 0.0, 0.0, 0.0, 0.0, 0.0, 0.0, 0.0, 0.0, 0.0, 0.0, 0.0, 0.0, 0.0, 0.0, 0.0, 0.0, 0.0, 0.0, 0.0, 0.0, 0.0, 0.0, 0.0, 0.0, 0.0, 1.0, 0.0]"
NODE_0000349,"[8.934577050456571e-06, 2.96129538980467e-06, 4.801041270770623e-05, 1.7204434559958332e-06, 8.597630537124392e-06, 2.1691282711686314e-06, 2.380125995000621e-06, 1.728810415426528e-06, 1.7429644610847999e-06, 1.7149833640393511e-06, 1.7093333740304238e-06, 1.7135243507219529e-06, 1.6694957080379671e-06, 2.3674698959121977e-06, 3.466541186255564e-06, 3.9012300943913336e-05, 5.932779744949108e-06, 1.7135243507220238e-06, 1.7135243507219772e-06, 2.2712417478615853e-06, 0.009587749109464071, 1.7187042998158522e-06, 7.948524641452937e-06, 1.7188592136981772e-06, 2.3853548091075824e-06, 3.291714181617532e-06, 1.6058733618831229e-06, 3.1852563636233722e-06, 1.6666063852304713e-06, 0.9902454666049153, 1.7332850632551156e-06]"
hMpxV/USA/CA-LACPHL-MA00491/2023|EPI_ISL_18161268|2023-04-10,"[0.0, 0.0, 0.0, 0.0, 0.0, 0.0, 0.0, 0.0, 0.0, 0.0, 0.0, 0.0, 0.0, 0.0, 0.0, 0.0, 0.0, 0.0, 0.0, 0.0, 0.0, 0.0, 0.0, 0.0, 0.0, 0.0, 0.0, 0.0, 0.0, 0.9999999999999999, 0.0]"
NODE_0000350,"[1.686986163900761e-12, 1.0134335833606943e-13, 2.9631136447666795e-11, 5.696157477685637e-14, 4.2552447369915625e-13, 7.405792693480383e-14, 8.233220638039072e-14, 5.932996659091395e-14, 5.94938185979211e-14, 5.824858920872355e-14, 6.025785701490181e-14, 5.840616034426137e-14, 5.27360049743993e-14, 8.130882116148892e-14, 2.3587327595711083e-13, 1.0580940811971065e-11, 8.807839818280757e-13, 5.840616034428456e-14, 5.840616034426138e-14, 7.398679337834998e-14, 8.702335043109667e-08, 5.310185500086043e-14, 1.7835398550164158e-12, 5.789044334627026e-14, 1.2009605986711068e-13, 2.693065766120892e-13, 4.820597818383271e-14, 2.518749075880561e-13, 5.3933869815442124e-14, 0.9999999129295764, 5.877690055064746e-14]"
hMpxV/USA/CA-LACPHL-MA00398/2023|EPI_ISL_16679240|2023-01-03,"[0.0, 0.0, 0.0, 0.0, 0.0, 0.0, 0.0, 0.0, 0.0, 0.0, 0.0, 0.0, 0.0, 0.0, 0.0, 0.0, 0.0, 0.0, 0.0, 0.0, 0.0, 0.0, 0.0, 0.0, 0.0, 0.0, 0.0, 0.0, 0.0, 1.0, 0.0]"
hMpxV/USA/CA-LACPHL-MA00396/2023|EPI_ISL_16679238|2023-01-03,"[0.0, 0.0, 0.0, 0.0, 0.0, 0.0, 0.0, 0.0, 0.0, 0.0, 0.0, 0.0, 0.0, 0.0, 0.0, 0.0, 0.0, 0.0, 0.0, 0.0, 0.0, 0.0, 0.0, 0.0, 0.0, 0.0, 0.0, 0.0, 0.0, 1.0, 0.0]"
hMpxV/USA/CA-LACPHL-MA00514/2023|EPI_ISL_18161291|2023-05-04,"[0.0, 0.0, 0.0, 0.0, 0.0, 0.0, 0.0, 0.0, 0.0, 0.0, 0.0, 0.0, 0.0, 0.0, 0.0, 0.0, 0.0, 0.0, 0.0, 0.0, 0.0, 0.0, 0.0, 0.0, 0.0, 0.0, 0.0, 0.0, 0.0, 0.9999999999999999, 0.0]"
hMpxV/USA/CA-LACPHL-MA00512/2023|EPI_ISL_18161289|2023-05-04,"[0.0, 0.0, 0.0, 0.0, 0.0, 0.0, 0.0, 0.0, 0.0, 0.0, 0.0, 0.0, 0.0, 0.0, 0.0, 0.0, 0.0, 0.0, 0.0, 0.0, 0.0, 0.0, 0.0, 0.0, 0.0, 0.0, 0.0, 0.0, 0.0, 0.9999999999999999, 0.0]"
NODE_0000352,"[5.8129132595432946e-12, 3.6076753131523405e-13, 8.311072839930623e-11, 2.1412864482797478e-13, 1.3390611340440703e-12, 2.6989025067362336e-13, 2.997421048582736e-13, 2.206730750618677e-13, 2.1943821669910736e-13, 2.1788184049190205e-13, 2.2564192616332117e-13, 2.1987099722712703e-13, 1.9637032917659042e-13, 2.866379593744982e-13, 9.2319178219671e-13, 3.2430217146224685e-11, 3.3501016774017175e-12, 2.1987099722726236e-13, 2.198709972272075e-13, 2.6859416096372527e-13, 1.3860469817352495e-07, 1.9777648789992868e-13, 6.765720763357001e-12, 2.173646721645389e-13, 4.3580580959576937e-13, 1.0393926699419408e-12, 1.7445495856340848e-13, 9.739951808188742e-13, 2.0091936994862063e-13, 0.9999998612546727, 2.1806219018526163e-13]"
hMpxV/USA/CA-LACPHL-MA00462/2023|EPI_ISL_16997413|2023-01-30,"[0.0, 0.0, 0.0, 0.0, 0.0, 0.0, 0.0, 0.0, 0.0, 0.0, 0.0, 0.0, 0.0, 0.0, 0.0, 0.0, 0.0, 0.0, 0.0, 0.0, 0.0, 0.0, 0.0, 0.0, 0.0, 0.0, 0.0, 0.0, 0.0, 1.0, 0.0]"
hMpxV/USA/CA-LACPHL-MA00409/2023|EPI_ISL_16997443|2023-01-17,"[0.0, 0.0, 0.0, 0.0, 0.0, 0.0, 0.0, 0.0, 0.0, 0.0, 0.0, 0.0, 0.0, 0.0, 0.0, 0.0, 0.0, 0.0, 0.0, 0.0, 0.0, 0.0, 0.0, 0.0, 0.0, 0.0, 0.0, 0.0, 0.0, 1.0, 0.0]"
hMpxV/USA/CA-CDPH-11000300/2023|EPI_ISL_18325003|2023-01-30,"[0.0, 0.0, 0.0, 0.0, 0.0, 0.0, 0.0, 0.0, 0.0, 0.0, 0.0, 0.0, 0.0, 0.0, 0.0, 0.0, 0.0, 0.0, 0.0, 0.0, 0.0, 0.0, 0.0, 0.0, 0.0, 0.0, 0.0, 0.0, 0.0, 1.0, 0.0]"
NODE_0000353,"[1.5919601688852314e-10, 1.6053276043910847e-11, 5.874252495715262e-10, 1.5911719858203566e-11, 2.2453663964615908e-11, 1.6055895820065964e-11, 1.6175651458073846e-11, 1.607648445852131e-11, 1.606634160090051e-11, 1.5959648631646948e-11, 1.614884034767261e-11, 1.605321319578006e-11, 1.5068284055860913e-11, 1.5804025254986408e-11, 3.8050247646806695e-11, 1.9480387521483655e-10, 1.235152707983992e-10, 1.605321319579894e-11, 1.6053213195791298e-11, 1.515254768574855e-11, 7.155141105561056e-09, 1.5377430993787644e-11, 1.4810049403168807e-10, 1.5998469592235202e-11, 2.7416069056885782e-11, 5.122956551094927e-11, 1.367043690205504e-11, 4.856321000514341e-11, 1.5141025748507545e-11, 0.9999999911452709, 1.6014646891325323e-11]"
hMpxV/USA/CA-LACPHL-MA00471/2023|EPI_ISL_17211325|2023-02-13,"[0.0, 0.0, 0.0, 0.0, 0.0, 0.0, 0.0, 0.0, 0.0, 0.0, 0.0, 0.0, 0.0, 0.0, 0.0, 0.0, 0.0, 0.0, 0.0, 0.0, 0.0, 0.0, 0.0, 0.0, 0.0, 0.0, 0.0, 0.0, 0.0, 1.0, 0.0]"
hMpxV/USA/CA-LACPHL-MA00470/2023|EPI_ISL_17211324|2023-02-13,"[0.0, 0.0, 0.0, 0.0, 0.0, 0.0, 0.0, 0.0, 0.0, 0.0, 0.0, 0.0, 0.0, 0.0, 0.0, 0.0, 0.0, 0.0, 0.0, 0.0, 0.0, 0.0, 0.0, 0.0, 0.0, 0.0, 0.0, 0.0, 0.0, 1.0, 0.0]"
NODE_0000465,"[3.0435053704807725e-06, 5.249464098524843e-06, 1.3425082541319187e-05, 2.8302292724958327e-06, 1.2530005829843803e-05, 9.60448799053501e-06, 4.068959678782753e-06, 2.7804530203351245e-06, 2.8080696188626725e-06, 2.7705361979057534e-06, 2.7033597786080195e-06, 2.773670955061014e-06, 2.7516609558381164e-06, 4.010385596535527e-06, 2.898317959588299e-06, 0.9572780650072501, 2.9183353527626015e-06, 2.773670955060623e-06, 2.7736709550618626e-06, 3.895941348293649e-06, 0.042553433821465675, 2.8882265938644293e-06, 2.7709349760502577e-06, 2.800051949604582e-06, 2.4914584477458844e-06, 2.6462843908596557e-06, 2.565300191481498e-06, 2.652935423726706e-06, 2.696096710437583e-06, 5.757584796808091e-05, 2.804227156221473e-06]"
hMpxV/Mexico/TLA_InDRE_F448/2023|EPI_ISL_17703611|2023-03-21,"[0.0, 0.0, 0.0, 0.0, 0.0, 0.0, 0.0, 0.0, 0.0, 0.0, 0.0, 0.0, 0.0, 0.0, 0.0, 1.0, 0.0, 0.0, 0.0, 0.0, 0.0, 0.0, 0.0, 0.0, 0.0, 0.0, 0.0, 0.0, 0.0, 0.0, 0.0]"
NODE_0000466,"[3.729171591663589e-11, 8.391095622881529e-11, 2.840393899041057e-10, 4.600616869241491e-11, 1.9214554848218055e-10, 4.0339360863976475e-10, 6.58361627742727e-11, 4.540655408501567e-11, 4.574728470080281e-11, 4.5086762789158934e-11, 4.4361684689661763e-11, 4.535773429580898e-11, 4.314917108471953e-11, 6.366789683865495e-11, 3.931590516819859e-11, 0.9999887019542569, 4.587755602646137e-11, 4.535773429580164e-11, 4.535773429582638e-11, 6.05081940943421e-11, 1.1294036912652736e-05, 4.5488088535422124e-11, 3.86836536712182e-11, 4.5661516938364624e-11, 3.5982088168568983e-11, 4.297708762543055e-11, 3.763604826901354e-11, 4.347469127572576e-11, 4.242483810423392e-11, 1.9490363044780123e-09, 4.564810757912348e-11]"
hMpxV/Mexico/TAM_InDRE_F5537/2022|EPI_ISL_17672224|2022-11-29,"[0.0, 0.0, 0.0, 0.0, 0.0, 0.0, 0.0, 0.0, 0.0, 0.0, 0.0, 0.0, 0.0, 0.0, 0.0, 0.9999999999999999, 0.0, 0.0, 0.0, 0.0, 0.0, 0.0, 0.0, 0.0, 0.0, 0.0, 0.0, 0.0, 0.0, 0.0, 0.0]"
hMpxV/Mexico/HID_InDRE_F5581/2022|EPI_ISL_17672226|2022-12-07,"[0.0, 0.0, 0.0, 0.0, 0.0, 0.0, 0.0, 0.0, 0.0, 0.0, 0.0, 0.0, 0.0, 0.0, 0.0, 0.9999999999999999, 0.0, 0.0, 0.0, 0.0, 0.0, 0.0, 0.0, 0.0, 0.0, 0.0, 0.0, 0.0, 0.0, 0.0, 0.0]"
NODE_0000467,"[3.283747912407382e-08, 5.0577879027875724e-08, 7.74015936528169e-08, 5.165208976704369e-08, 4.614131766547091e-08, 2.623837364070216e-07, 5.028067641316388e-08, 5.064507556435254e-08, 5.1188398603894776e-08, 5.039617969943515e-08, 4.910149828280276e-08, 5.054190823776673e-08, 4.949246028710908e-08, 4.9567612920294944e-08, 3.245592557960301e-08, 0.9999944689026574, 4.943000206055628e-08, 5.054190823776084e-08, 5.054190823777347e-08, 4.7774198163003065e-08, 3.7401160147004207e-06, 5.242444102298734e-08, 2.7616317722707158e-08, 5.106428718549464e-08, 4.2843849247782665e-08, 4.7634422207969826e-08, 4.413997921687205e-08, 4.789722122829362e-08, 4.83587820137218e-08, 2.2494412742372637e-07, 5.110605254098993e-08]"
hMpxV/Mexico/HID_InDRE_F152/2023|EPI_ISL_17672244|2023-01-23,"[0.0, 0.0, 0.0, 0.0, 0.0, 0.0, 0.0, 0.0, 0.0, 0.0, 0.0, 0.0, 0.0, 0.0, 0.0, 1.0, 0.0, 0.0, 0.0, 0.0, 0.0, 0.0, 0.0, 0.0, 0.0, 0.0, 0.0, 0.0, 0.0, 0.0, 0.0]"
NODE_0000468,"[5.785329619378964e-09, 9.068277987975793e-09, 1.4005419224768706e-08, 9.297843782033918e-09, 8.145588932641462e-09, 4.980904054813469e-08, 9.03519005227264e-09, 9.120011416804644e-09, 9.217770970791432e-09, 9.072583643957977e-09, 8.845268487708048e-09, 9.101186895157197e-09, 8.888245017374684e-09, 8.898157964525083e-09, 5.7572071287800575e-09, 0.9999990112731723, 8.867857150624781e-09, 9.101186895155794e-09, 9.101186895160265e-09, 8.562816143233969e-09, 6.636343125914574e-07, 9.418473632374378e-09, 4.891273529815107e-09, 9.19447331613502e-09, 7.650648553848965e-09, 8.568723360143976e-09, 7.897453813572855e-09, 8.62193519059371e-09, 8.689024908678824e-09, 4.127839791829643e-08, 9.201942210225206e-09]"
hMpxV/Mexico/CHP_InDRE_F5684/2022|EPI_ISL_17672231|2022-12-18,"[0.0, 0.0, 0.0, 0.0, 0.0, 0.0, 0.0, 0.0, 0.0, 0.0, 0.0, 0.0, 0.0, 0.0, 0.0, 1.0, 0.0, 0.0, 0.0, 0.0, 0.0, 0.0, 0.0, 0.0, 0.0, 0.0, 0.0, 0.0, 0.0, 0.0, 0.0]"
hMpxV/Mexico/CHP_InDRE_F108/2023|EPI_ISL_17672239|2023-01-11,"[0.0, 0.0, 0.0, 0.0, 0.0, 0.0, 0.0, 0.0, 0.0, 0.0, 0.0, 0.0, 0.0, 0.0, 0.0, 1.0, 0.0, 0.0, 0.0, 0.0, 0.0, 0.0, 0.0, 0.0, 0.0, 0.0, 0.0, 0.0, 0.0, 0.0, 0.0]"
NODE_0000463,"[5.5952197455180925e-24, 7.884092665914275e-23, 2.8450201774843277e-21, 2.1671195614282273e-23, 0.9999999999999926, 2.769714664234224e-23, 3.162339413151458e-23, 2.1329363525447512e-23, 2.148318861235746e-23, 2.0890099604437836e-23, 2.0643194926043566e-23, 2.1389860001084412e-23, 1.763412403512243e-23, 2.8474522694881905e-23, 8.175978818452928e-24, 6.100542209321104e-23, 1.8788337321379382e-23, 2.1389860001094932e-23, 2.1389860001066794e-23, 2.4632454595065082e-23, 7.439563918684256e-15, 1.9716542133676072e-23, 8.401471902428285e-24, 2.150855453069769e-23, 1.0182407281416851e-23, 1.888093185884975e-23, 1.1448436899705642e-23, 1.9701596598111934e-23, 1.715195763453769e-23, 9.673670561932366e-24, 2.137215937334819e-23]"
hMpxV/Chile/VS-ISP-130350/2022|EPI_ISL_19345328|2022-11-19,"[0.0, 0.0, 0.0, 0.0, 0.9999999999999999, 0.0, 0.0, 0.0, 0.0, 0.0, 0.0, 0.0, 0.0, 0.0, 0.0, 0.0, 0.0, 0.0, 0.0, 0.0, 0.0, 0.0, 0.0, 0.0, 0.0, 0.0, 0.0, 0.0, 0.0, 0.0, 0.0]"
hMpxV/Chile/VS-ISP-132267/2022|EPI_ISL_19345333|2022-11-25,"[0.0, 0.0, 0.0, 0.0, 1.0, 0.0, 0.0, 0.0, 0.0, 0.0, 0.0, 0.0, 0.0, 0.0, 0.0, 0.0, 0.0, 0.0, 0.0, 0.0, 0.0, 0.0, 0.0, 0.0, 0.0, 0.0, 0.0, 0.0, 0.0, 0.0, 0.0]"
hMpxV/Chile/VS-ISP-133976/2022|EPI_ISL_19345337|2022-12-02,"[0.0, 0.0, 0.0, 0.0, 1.0, 0.0, 0.0, 0.0, 0.0, 0.0, 0.0, 0.0, 0.0, 0.0, 0.0, 0.0, 0.0, 0.0, 0.0, 0.0, 0.0, 0.0, 0.0, 0.0, 0.0, 0.0, 0.0, 0.0, 0.0, 0.0, 0.0]"
hMpxV/Chile/VS-ISP-135200/2022|EPI_ISL_19345345|2022-12-07,"[0.0, 0.0, 0.0, 0.0, 1.0, 0.0, 0.0, 0.0, 0.0, 0.0, 0.0, 0.0, 0.0, 0.0, 0.0, 0.0, 0.0, 0.0, 0.0, 0.0, 0.0, 0.0, 0.0, 0.0, 0.0, 0.0, 0.0, 0.0, 0.0, 0.0, 0.0]"
hMpxV/Chile/VS-ISP-137085/2022|EPI_ISL_19345351|2022-12-14,"[0.0, 0.0, 0.0, 0.0, 1.0, 0.0, 0.0, 0.0, 0.0, 0.0, 0.0, 0.0, 0.0, 0.0, 0.0, 0.0, 0.0, 0.0, 0.0, 0.0, 0.0, 0.0, 0.0, 0.0, 0.0, 0.0, 0.0, 0.0, 0.0, 0.0, 0.0]"
hMpxV/Chile/VS-ISP-140320/2022|EPI_ISL_19345357|2022-12-26,"[0.0, 0.0, 0.0, 0.0, 1.0, 0.0, 0.0, 0.0, 0.0, 0.0, 0.0, 0.0, 0.0, 0.0, 0.0, 0.0, 0.0, 0.0, 0.0, 0.0, 0.0, 0.0, 0.0, 0.0, 0.0, 0.0, 0.0, 0.0, 0.0, 0.0, 0.0]"
hMpxV/Chile/VS-ISP-141144/2022|EPI_ISL_19345359|2022-12-29,"[0.0, 0.0, 0.0, 0.0, 1.0, 0.0, 0.0, 0.0, 0.0, 0.0, 0.0, 0.0, 0.0, 0.0, 0.0, 0.0, 0.0, 0.0, 0.0, 0.0, 0.0, 0.0, 0.0, 0.0, 0.0, 0.0, 0.0, 0.0, 0.0, 0.0, 0.0]"
hMpxV/Chile/VS-ISP-2855/2023|EPI_ISL_19345363|2023-01-10,"[0.0, 0.0, 0.0, 0.0, 1.0, 0.0, 0.0, 0.0, 0.0, 0.0, 0.0, 0.0, 0.0, 0.0, 0.0, 0.0, 0.0, 0.0, 0.0, 0.0, 0.0, 0.0, 0.0, 0.0, 0.0, 0.0, 0.0, 0.0, 0.0, 0.0, 0.0]"
hMpxV/Chile/VS-ISP-134877/2022|EPI_ISL_19345344|2022-12-06,"[0.0, 0.0, 0.0, 0.0, 1.0, 0.0, 0.0, 0.0, 0.0, 0.0, 0.0, 0.0, 0.0, 0.0, 0.0, 0.0, 0.0, 0.0, 0.0, 0.0, 0.0, 0.0, 0.0, 0.0, 0.0, 0.0, 0.0, 0.0, 0.0, 0.0, 0.0]"
NODE_0000416,"[1.2902293087409452e-06, 2.2871918739265837e-06, 5.957134250291135e-06, 1.2864113883278465e-06, 5.180553142954168e-06, 4.996944795751051e-06, 1.8003530887818055e-06, 1.265370183536133e-06, 1.2782622353037073e-06, 1.2596238566123577e-06, 1.2310753923107989e-06, 1.2616028078702777e-06, 1.2430172371820722e-06, 1.769763503158605e-06, 1.2381922127095743e-06, 0.9906428828597618, 1.3196669446290524e-06, 1.2616028078701646e-06, 1.261602807870429e-06, 1.7133244573610216e-06, 0.009280802761147457, 1.3068950501153241e-06, 1.180413471280603e-06, 1.273381732869187e-06, 1.1143317912286477e-06, 1.2038830348534457e-06, 1.1495158993390926e-06, 1.2087565762264017e-06, 1.220213588017776e-06, 2.647921115851041e-05, 1.2758544931496747e-06]"
NODE_0000419,"[1.350106998640995e-07, 2.152392205603117e-07, 4.2368860498826184e-07, 1.7916385631888608e-07, 3.194346733711045e-07, 8.117395361103072e-07, 1.9552425427060775e-07, 1.757758803529161e-07, 1.7763755338553603e-07, 1.7497327530491696e-07, 1.705171771910225e-07, 1.7536517123185422e-07, 1.7246475448390652e-07, 1.927130459512756e-07, 1.3073651371862468e-07, 0.999776517549007, 1.758007313426831e-07, 1.753651712318438e-07, 1.7536517123188199e-07, 1.8632565676627153e-07, 0.00021605424497760987, 1.8223943532206036e-07, 1.1661103108058933e-07, 1.7713781839807188e-07, 1.5180858014181025e-07, 1.6619044770967498e-07, 1.5600652220366178e-07, 1.669127814258351e-07, 1.6866099663211765e-07, 1.6024466945993405e-06, 1.7735076034669142e-07]"
hMpxV/Mexico/NLE_InDRE_F410/2023|EPI_ISL_17703606|2023-03-13,"[0.0, 0.0, 0.0, 0.0, 0.0, 0.0, 0.0, 0.0, 0.0, 0.0, 0.0, 0.0, 0.0, 0.0, 0.0, 1.0, 0.0, 0.0, 0.0, 0.0, 0.0, 0.0, 0.0, 0.0, 0.0, 0.0, 0.0, 0.0, 0.0, 0.0, 0.0]"
NODE_0000420,"[6.477975092626764e-10, 1.0520517488502254e-09, 1.771245566190476e-09, 1.039874958891162e-09, 1.0564827184141781e-09, 5.970332033054358e-09, 1.0312946872044795e-09, 1.020643652178233e-09, 1.0314480487657164e-09, 1.0149907524281641e-09, 9.905265450953478e-10, 1.0185134706560007e-09, 9.91331983663849e-10, 1.0138352914774312e-09, 6.48961410115779e-10, 0.9999992242306359, 9.919613445310712e-10, 1.0185134706557952e-09, 1.0185134706565095e-09, 9.738828621326109e-10, 7.372014670343328e-07, 1.05055580747339e-09, 5.566527450563318e-10, 1.0287126227727464e-09, 8.486454755021974e-10, 9.587168636306486e-10, 8.777366178172748e-10, 9.654261106126345e-10, 9.698434715493674e-10, 5.979866076096242e-09, 1.0295401296806598e-09]"
hMpxV/Mexico/MEX_InDRE_F75/2023|EPI_ISL_17672238|2023-01-09,"[0.0, 0.0, 0.0, 0.0, 0.0, 0.0, 0.0, 0.0, 0.0, 0.0, 0.0, 0.0, 0.0, 0.0, 0.0, 1.0, 0.0, 0.0, 0.0, 0.0, 0.0, 0.0, 0.0, 0.0, 0.0, 0.0, 0.0, 0.0, 0.0, 0.0, 0.0]"
NODE_0000421,"[4.712630423314693e-11, 7.538728161267454e-11, 1.1746868585237474e-10, 7.768901022843309e-11, 6.638731368465912e-11, 4.3990308944924176e-10, 7.532199356459256e-11, 7.623941270253624e-11, 7.706051837849189e-11, 7.581586406592326e-11, 7.397450664545237e-11, 7.607537014988775e-11, 7.406810113995055e-11, 7.41018072377174e-11, 4.726020562654013e-11, 0.9999999898631424, 7.378949808398766e-11, 7.607537014985271e-11, 7.607537014999795e-11, 7.117765365712868e-11, 7.398163834973455e-09, 7.852464436883479e-11, 4.003769127189111e-11, 7.685023697392737e-11, 6.33423696982639e-11, 7.152874384171957e-11, 6.554943054660254e-11, 7.203194202689262e-11, 7.245818181088033e-11, 3.5045673311206565e-10, 7.691644337109235e-11]"
hMpxV/Mexico/NLE_InDRE_F78/2023|EPI_ISL_17703587|2023-01-09,"[0.0, 0.0, 0.0, 0.0, 0.0, 0.0, 0.0, 0.0, 0.0, 0.0, 0.0, 0.0, 0.0, 0.0, 0.0, 1.0, 0.0, 0.0, 0.0, 0.0, 0.0, 0.0, 0.0, 0.0, 0.0, 0.0, 0.0, 0.0, 0.0, 0.0, 0.0]"
hMpxV/Mexico/NLE_InDRE_F77/2023|EPI_ISL_17703586|2023-01-06,"[0.0, 0.0, 0.0, 0.0, 0.0, 0.0, 0.0, 0.0, 0.0, 0.0, 0.0, 0.0, 0.0, 0.0, 0.0, 1.0, 0.0, 0.0, 0.0, 0.0, 0.0, 0.0, 0.0, 0.0, 0.0, 0.0, 0.0, 0.0, 0.0, 0.0, 0.0]"
NODE_0000417,"[3.2541119759483197e-17, 1.0025048637704166e-16, 4.806513720001027e-16, 6.631023066571298e-17, 2.0084968077581988e-16, 2.3848711315002957e-15, 8.440217825797846e-17, 6.577722624093072e-17, 6.600642852364192e-17, 6.501137554694985e-17, 6.457451269586148e-17, 6.587538517910362e-17, 5.90652066882611e-17, 7.944606882590744e-17, 3.93170760294426e-17, 0.9999999997076323, 6.26612949258351e-17, 6.587538517907659e-17, 6.587538517917569e-17, 7.329529807724235e-17, 2.9235614814750795e-10, 6.276269522887456e-17, 4.0239901930169204e-17, 6.603675120564827e-17, 4.3874075441015535e-17, 6.204498928646684e-17, 4.638749736927814e-17, 6.349825457133574e-17, 5.817137173734889e-17, 6.656290145836566e-15, 6.580991350755355e-17]"
hMpxV/Mexico/COA_InDRE_F5645/2022|EPI_ISL_17672229|2022-12-14,"[0.0, 0.0, 0.0, 0.0, 0.0, 0.0, 0.0, 0.0, 0.0, 0.0, 0.0, 0.0, 0.0, 0.0, 0.0, 0.9999999999999999, 0.0, 0.0, 0.0, 0.0, 0.0, 0.0, 0.0, 0.0, 0.0, 0.0, 0.0, 0.0, 0.0, 0.0, 0.0]"
hMpxV/Mexico/NLE_InDRE_F130/2023|EPI_ISL_17672242|2023-01-17,"[0.0, 0.0, 0.0, 0.0, 0.0, 0.0, 0.0, 0.0, 0.0, 0.0, 0.0, 0.0, 0.0, 0.0, 0.0, 1.0, 0.0, 0.0, 0.0, 0.0, 0.0, 0.0, 0.0, 0.0, 0.0, 0.0, 0.0, 0.0, 0.0, 0.0, 0.0]"
hMpxV/Mexico/CMX_InDRE_F378/2023|EPI_ISL_17672259|2023-03-10,"[0.0, 0.0, 0.0, 0.0, 0.0, 0.0, 0.0, 0.0, 0.0, 0.0, 0.0, 0.0, 0.0, 0.0, 0.0, 1.0, 0.0, 0.0, 0.0, 0.0, 0.0, 0.0, 0.0, 0.0, 0.0, 0.0, 0.0, 0.0, 0.0, 0.0, 0.0]"
hMpxV/Mexico/NLE_InDRE_F309/2023|EPI_ISL_17672256|2023-02-17,"[0.0, 0.0, 0.0, 0.0, 0.0, 0.0, 0.0, 0.0, 0.0, 0.0, 0.0, 0.0, 0.0, 0.0, 0.0, 1.0, 0.0, 0.0, 0.0, 0.0, 0.0, 0.0, 0.0, 0.0, 0.0, 0.0, 0.0, 0.0, 0.0, 0.0, 0.0]"
hMpxV/Mexico/NLE_InDRE_F276/2023|EPI_ISL_17703600|2023-02-07,"[0.0, 0.0, 0.0, 0.0, 0.0, 0.0, 0.0, 0.0, 0.0, 0.0, 0.0, 0.0, 0.0, 0.0, 0.0, 1.0, 0.0, 0.0, 0.0, 0.0, 0.0, 0.0, 0.0, 0.0, 0.0, 0.0, 0.0, 0.0, 0.0, 0.0, 0.0]"
NODE_0000418,"[1.457792172996285e-11, 2.6000992012105273e-11, 4.724367112086646e-11, 2.6419177447275987e-11, 2.3778575201791327e-11, 2.255017973841344e-10, 2.58847549840206e-11, 2.5967921279748668e-11, 2.6203894509208304e-11, 2.579414490294745e-11, 2.5242105464668507e-11, 2.5939537768057772e-11, 2.4826184590828865e-11, 2.5241938625910686e-11, 1.5224231324503513e-11, 0.999999990643413, 2.4918528072341772e-11, 2.5939537768041962e-11, 2.593953776812473e-11, 2.4046424420429204e-11, 8.283341746164603e-09, 2.6349549304454306e-11, 1.3265229496762367e-11, 2.616179204423571e-11, 2.057442161212772e-11, 2.43894366427462e-11, 2.133966863785936e-11, 2.463889379031544e-11, 2.429247958548599e-11, 1.813902580669422e-10, 2.61528996164163e-11]"
hMpxV/Mexico/NLE_InDRE_F14/2022|EPI_ISL_17703582|2022-12-27,"[0.0, 0.0, 0.0, 0.0, 0.0, 0.0, 0.0, 0.0, 0.0, 0.0, 0.0, 0.0, 0.0, 0.0, 0.0, 1.0, 0.0, 0.0, 0.0, 0.0, 0.0, 0.0, 0.0, 0.0, 0.0, 0.0, 0.0, 0.0, 0.0, 0.0, 0.0]"
hMpxV/Mexico/GUA_InDRE_F244/2023|EPI_ISL_17672251|2023-02-04,"[0.0, 0.0, 0.0, 0.0, 0.0, 0.0, 0.0, 0.0, 0.0, 0.0, 0.0, 0.0, 0.0, 0.0, 0.0, 1.0, 0.0, 0.0, 0.0, 0.0, 0.0, 0.0, 0.0, 0.0, 0.0, 0.0, 0.0, 0.0, 0.0, 0.0, 0.0]"
hMpxV/Mexico/NLE_InDRE_F321/2023|EPI_ISL_17703603|2023-02-21,"[0.0, 0.0, 0.0, 0.0, 0.0, 0.0, 0.0, 0.0, 0.0, 0.0, 0.0, 0.0, 0.0, 0.0, 0.0, 1.0, 0.0, 0.0, 0.0, 0.0, 0.0, 0.0, 0.0, 0.0, 0.0, 0.0, 0.0, 0.0, 0.0, 0.0, 0.0]"
NODE_0000320,"[1.240440227655063e-07, 6.832253181509562e-08, 3.6731082035664345e-05, 1.918706946779793e-08, 7.946829356018789e-07, 3.2382655710400305e-08, 4.37349427268026e-08, 1.9384067828284983e-08, 1.9511330849734732e-08, 1.9190406213673493e-08, 1.916253678449918e-08, 1.9181952575714544e-08, 1.8344225152058575e-08, 4.093035353850444e-08, 4.618065078545327e-08, 2.3466670389122926e-06, 4.3446962139897596e-08, 1.9181952575715103e-08, 1.918195257571495e-08, 3.900356474978009e-08, 0.9945285937703691, 1.8785091122955993e-08, 2.0034054083501567e-07, 1.9189650750756843e-08, 2.2563398584221126e-08, 2.8186348124316385e-08, 1.7172166737685804e-08, 2.7809361386714706e-08, 1.830198462504579e-08, 0.005430551699285799, 1.9378614538062314e-08]"
hMpxV/Peru/ICA-INS-282/2022|EPI_ISL_16999065|2022-11-29,"[0.0, 0.0, 0.0, 0.0, 0.0, 0.0, 0.0, 0.0, 0.0, 0.0, 0.0, 0.0, 0.0, 0.0, 0.0, 0.0, 0.0, 0.0, 0.0, 0.0, 1.0, 0.0, 0.0, 0.0, 0.0, 0.0, 0.0, 0.0, 0.0, 0.0, 0.0]"
hMpxV/USA/CA-LACPHL-MA00451/2022|EPI_ISL_16997421|2022-11-27,"[0.0, 0.0, 0.0, 0.0, 0.0, 0.0, 0.0, 0.0, 0.0, 0.0, 0.0, 0.0, 0.0, 0.0, 0.0, 0.0, 0.0, 0.0, 0.0, 0.0, 0.0, 0.0, 0.0, 0.0, 0.0, 0.0, 0.0, 0.0, 0.0, 1.0, 0.0]"
NODE_0000321,"[2.21939829616222e-10, 3.1532839888038743e-11, 0.9999998694002642, 2.0888634622609078e-11, 8.464698583247794e-10, 2.4996068166502464e-11, 3.4705065894209827e-11, 2.1304927722440022e-11, 2.14465239272384e-11, 2.0970765479052694e-11, 2.109795198955111e-11, 2.099525634852428e-11, 1.9327178475580416e-11, 2.612958563182643e-11, 1.69748278477785e-11, 3.045477347369551e-10, 2.176582737600028e-11, 2.0995256348521484e-11, 2.0995256348523824e-11, 2.4471628819004032e-11, 1.210252566116669e-07, 1.9801300243382298e-11, 1.6489105300755116e-09, 2.0941984384603357e-11, 1.8287647047828582e-11, 2.089345278703918e-11, 1.6945505349001753e-11, 2.123041973953078e-11, 1.9398246283062367e-11, 6.025287931261123e-09, 2.1227291642133166e-11]"
hMpxV/Brazil/RJ-FIOCRUZ-4196/2023|EPI_ISL_17614042|2023-04-13,"[0.0, 0.0, 1.0, 0.0, 0.0, 0.0, 0.0, 0.0, 0.0, 0.0, 0.0, 0.0, 0.0, 0.0, 0.0, 0.0, 0.0, 0.0, 0.0, 0.0, 0.0, 0.0, 0.0, 0.0, 0.0, 0.0, 0.0, 0.0, 0.0, 0.0, 0.0]"
NODE_0000324,"[1.2258588102056692e-09, 2.3500961306322984e-10, 0.9999999739581032, 2.3761809083326776e-10, 1.6515753243993202e-09, 2.362736278335007e-10, 2.8865587987372903e-10, 2.3745867665324925e-10, 2.3902137397798396e-10, 2.3557093953881066e-10, 2.3365488294791623e-10, 2.360738778874996e-10, 2.2625622922150813e-10, 2.3242160888494732e-10, 1.6317493800774167e-10, 5.729354238817834e-10, 2.301387170033908e-10, 2.36073877887436e-10, 2.3607387788750904e-10, 2.228833535184674e-10, 7.059341740502618e-09, 2.3361760598209143e-10, 4.953555187807513e-09, 2.3681874455361147e-10, 2.067502694003069e-10, 2.2814356977239136e-10, 2.0310904437468904e-10, 2.3028304035841408e-10, 2.2417732300912637e-10, 5.051390825047268e-09, 2.379804142016796e-10]"
hMpxV/Brazil/RJ-FIOCRUZ-4195/2023|EPI_ISL_17614039|2023-04-10,"[0.0, 0.0, 1.0, 0.0, 0.0, 0.0, 0.0, 0.0, 0.0, 0.0, 0.0, 0.0, 0.0, 0.0, 0.0, 0.0, 0.0, 0.0, 0.0, 0.0, 0.0, 0.0, 0.0, 0.0, 0.0, 0.0, 0.0, 0.0, 0.0, 0.0, 0.0]"
hMpxV/Brazil/RJ-FIOCRUZ-3018/2023|EPI_ISL_17614041|2023-03-03,"[0.0, 0.0, 1.0, 0.0, 0.0, 0.0, 0.0, 0.0, 0.0, 0.0, 0.0, 0.0, 0.0, 0.0, 0.0, 0.0, 0.0, 0.0, 0.0, 0.0, 0.0, 0.0, 0.0, 0.0, 0.0, 0.0, 0.0, 0.0, 0.0, 0.0, 0.0]"
NODE_0000322,"[3.679180887701878e-15, 2.321859673697436e-16, 0.9999999999997831, 2.316550930077679e-16, 6.627105529391339e-15, 2.327331329166249e-16, 3.3230465716661185e-16, 2.35215295076796e-16, 2.3495539767107323e-16, 2.3222525169759376e-16, 2.356847825566264e-16, 2.3434703125053716e-16, 2.1029474072314487e-16, 2.258843661554584e-16, 1.3850210737335124e-16, 1.2099914084406653e-15, 2.1700246673458577e-16, 2.3434703125037234e-16, 2.343470312504461e-16, 2.1097928853101683e-16, 1.09597925701796e-13, 2.1429678521386484e-16, 5.2427549480338254e-14, 2.330526058548382e-16, 1.7742127316636767e-16, 2.287175562042009e-16, 1.7485991412780406e-16, 2.3397939020490994e-16, 2.1118684693399152e-16, 3.7693838812489206e-14, 2.3362404955903513e-16]"
hMpxV/Brazil/RJ-FIOCRUZ-4194/2023|EPI_ISL_17614030|2023-04-06,"[0.0, 0.0, 1.0, 0.0, 0.0, 0.0, 0.0, 0.0, 0.0, 0.0, 0.0, 0.0, 0.0, 0.0, 0.0, 0.0, 0.0, 0.0, 0.0, 0.0, 0.0, 0.0, 0.0, 0.0, 0.0, 0.0, 0.0, 0.0, 0.0, 0.0, 0.0]"
hMpxV/Brazil/RJ-FIOCRUZ-3611/2023|EPI_ISL_17536785|2023-04-03,"[0.0, 0.0, 1.0, 0.0, 0.0, 0.0, 0.0, 0.0, 0.0, 0.0, 0.0, 0.0, 0.0, 0.0, 0.0, 0.0, 0.0, 0.0, 0.0, 0.0, 0.0, 0.0, 0.0, 0.0, 0.0, 0.0, 0.0, 0.0, 0.0, 0.0, 0.0]"
hMpxV/Brazil/RJ-FIOCRUZ-3610/2023|EPI_ISL_17536784|2023-03-30,"[0.0, 0.0, 1.0, 0.0, 0.0, 0.0, 0.0, 0.0, 0.0, 0.0, 0.0, 0.0, 0.0, 0.0, 0.0, 0.0, 0.0, 0.0, 0.0, 0.0, 0.0, 0.0, 0.0, 0.0, 0.0, 0.0, 0.0, 0.0, 0.0, 0.0, 0.0]"
hMpxV/Brazil/RJ-FIOCRUZ-3611-1P/2023|EPI_ISL_19205405|2023-04-03,"[0.0, 0.0, 1.0, 0.0, 0.0, 0.0, 0.0, 0.0, 0.0, 0.0, 0.0, 0.0, 0.0, 0.0, 0.0, 0.0, 0.0, 0.0, 0.0, 0.0, 0.0, 0.0, 0.0, 0.0, 0.0, 0.0, 0.0, 0.0, 0.0, 0.0, 0.0]"
NODE_0000323,"[4.1633774228558495e-13, 2.8087056139225862e-14, 0.9999999999773488, 2.7931677027028522e-14, 7.369318485767535e-13, 2.8113265985909378e-14, 3.961552687684818e-14, 2.849509058178754e-14, 2.8561563812101514e-14, 2.8063237118397625e-14, 2.8397437479346743e-14, 2.8219320890014057e-14, 2.5444730533180803e-14, 2.754492931254602e-14, 1.7013342619825084e-14, 1.4109372042361098e-13, 2.6632900914123e-14, 2.821932089000909e-14, 2.821932089001325e-14, 2.5601451721093503e-14, 1.111842154538344e-11, 2.5956593361680074e-14, 5.402714566571701e-12, 2.807858135732932e-14, 2.2524538399776413e-14, 2.7593286563568454e-14, 2.126806305512782e-14, 2.818970949828434e-14, 2.5518318513848858e-14, 4.184156573048379e-12, 2.8318432392212423e-14]"
hMpxV/Brazil/RJ-FIOCRUZ-4239/2023|EPI_ISL_17614033|2023-04-20,"[0.0, 0.0, 1.0, 0.0, 0.0, 0.0, 0.0, 0.0, 0.0, 0.0, 0.0, 0.0, 0.0, 0.0, 0.0, 0.0, 0.0, 0.0, 0.0, 0.0, 0.0, 0.0, 0.0, 0.0, 0.0, 0.0, 0.0, 0.0, 0.0, 0.0, 0.0]"
hMpxV/Brazil/RJ-FIOCRUZ-3608/2023|EPI_ISL_17536782|2023-03-24,"[0.0, 0.0, 1.0, 0.0, 0.0, 0.0, 0.0, 0.0, 0.0, 0.0, 0.0, 0.0, 0.0, 0.0, 0.0, 0.0, 0.0, 0.0, 0.0, 0.0, 0.0, 0.0, 0.0, 0.0, 0.0, 0.0, 0.0, 0.0, 0.0, 0.0, 0.0]"
hMpxV/Brazil/RJ-FIOCRUZ-3609/2023|EPI_ISL_17536783|2023-03-27,"[0.0, 0.0, 1.0, 0.0, 0.0, 0.0, 0.0, 0.0, 0.0, 0.0, 0.0, 0.0, 0.0, 0.0, 0.0, 0.0, 0.0, 0.0, 0.0, 0.0, 0.0, 0.0, 0.0, 0.0, 0.0, 0.0, 0.0, 0.0, 0.0, 0.0, 0.0]"
hMpxV/Brazil/RJ-FIOCRUZ-4239-1P/2023|EPI_ISL_19205407|2023-04-20,"[0.0, 0.0, 1.0, 0.0, 0.0, 0.0, 0.0, 0.0, 0.0, 0.0, 0.0, 0.0, 0.0, 0.0, 0.0, 0.0, 0.0, 0.0, 0.0, 0.0, 0.0, 0.0, 0.0, 0.0, 0.0, 0.0, 0.0, 0.0, 0.0, 0.0, 0.0]"
NODE_0000373,"[1.173783451943778e-06, 1.7136951781045494e-06, 0.0003456903859703556, 7.817849903000638e-07, 0.8591064191112533, 1.0083300167073015e-06, 1.198625221449767e-06, 7.76795988132986e-07, 7.869690415646099e-07, 7.684412527014955e-07, 7.524560110262618e-07, 7.688931575920659e-07, 7.372008616293209e-07, 1.1197281113713067e-06, 6.978275499158294e-07, 4.985952238186269e-06, 7.975846836651791e-07, 7.688931575920632e-07, 7.688931575919539e-07, 1.0557710245584042e-06, 0.14051157429088473, 7.789735846198462e-07, 1.7066268303802316e-06, 7.750104052651138e-07, 6.584536114674708e-07, 7.278316118533566e-07, 6.480601131911404e-07, 7.348548073449909e-07, 7.229530623952141e-07, 8.119915972198973e-06, 7.819067987438701e-07]"
hMpxV/Chile/RM-ISP-136952/2022|EPI_ISL_19345349|2022-12-14,"[0.0, 0.0, 0.0, 0.0, 1.0, 0.0, 0.0, 0.0, 0.0, 0.0, 0.0, 0.0, 0.0, 0.0, 0.0, 0.0, 0.0, 0.0, 0.0, 0.0, 0.0, 0.0, 0.0, 0.0, 0.0, 0.0, 0.0, 0.0, 0.0, 0.0, 0.0]"
NODE_0000377,"[9.318546377531268e-12, 2.8108411895026836e-11, 4.149492060340114e-10, 1.222978507248739e-11, 0.9999991988575766, 1.544901436189385e-11, 1.731348769446882e-11, 1.1993658564829486e-11, 1.2132383249817683e-11, 1.1897878503138219e-11, 1.1605329930582053e-11, 1.196574946209386e-11, 1.1410208959824265e-11, 1.6731786690741652e-11, 9.517071511862503e-12, 4.849928157999634e-11, 1.203838227016071e-11, 1.1965749462098502e-11, 1.1965749462082807e-11, 1.5794047256036334e-11, 8.003155878667018e-07, 1.2230961389019123e-11, 9.293604135261639e-12, 1.209167139856573e-11, 9.264609394591149e-12, 1.1131812389431696e-11, 9.770367314633676e-12, 1.1261160761537738e-11, 1.1141732083390074e-11, 3.3664034145462766e-11, 1.2099925032922416e-11]"
hMpxV/Chile/RM-ISP-130458/2022|EPI_ISL_19345329|2022-11-22,"[0.0, 0.0, 0.0, 0.0, 0.9999999999999999, 0.0, 0.0, 0.0, 0.0, 0.0, 0.0, 0.0, 0.0, 0.0, 0.0, 0.0, 0.0, 0.0, 0.0, 0.0, 0.0, 0.0, 0.0, 0.0, 0.0, 0.0, 0.0, 0.0, 0.0, 0.0, 0.0]"
hMpxV/Chile/BI-ISP-134054/2022|EPI_ISL_19345338|2022-12-02,"[0.0, 0.0, 0.0, 0.0, 1.0, 0.0, 0.0, 0.0, 0.0, 0.0, 0.0, 0.0, 0.0, 0.0, 0.0, 0.0, 0.0, 0.0, 0.0, 0.0, 0.0, 0.0, 0.0, 0.0, 0.0, 0.0, 0.0, 0.0, 0.0, 0.0, 0.0]"
NODE_0000378,"[5.347718892984535e-10, 1.1959977654701557e-09, 3.0296983236235432e-09, 9.772437613477122e-10, 0.9999999496943807, 9.536750954504343e-10, 9.374712232110342e-10, 9.531326568359525e-10, 9.666385332148943e-10, 9.467427607930696e-10, 9.164695074653615e-10, 9.504000972626407e-10, 9.230321431679948e-10, 9.20174077420679e-10, 5.325889184014512e-10, 5.79716427196793e-10, 9.16496957401468e-10, 9.504000972628072e-10, 9.504000972624184e-10, 8.76162955655998e-10, 2.338109381814494e-08, 9.953405695541038e-10, 4.365276832982204e-10, 9.632094250836462e-10, 7.618194966597304e-10, 8.786023823557192e-10, 7.952442778003039e-10, 8.854687161500043e-10, 8.967213424489206e-10, 3.359465302598579e-10, 9.64431755535808e-10]"
hMpxV/Chile/BI-ISP-134055/2022|EPI_ISL_19345339|2022-12-02,"[0.0, 0.0, 0.0, 0.0, 0.9999999999999999, 0.0, 0.0, 0.0, 0.0, 0.0, 0.0, 0.0, 0.0, 0.0, 0.0, 0.0, 0.0, 0.0, 0.0, 0.0, 0.0, 0.0, 0.0, 0.0, 0.0, 0.0, 0.0, 0.0, 0.0, 0.0, 0.0]"
hMpxV/Chile/BI-ISP-134056/2022|EPI_ISL_19345340|2022-12-03,"[0.0, 0.0, 0.0, 0.0, 0.9999999999999999, 0.0, 0.0, 0.0, 0.0, 0.0, 0.0, 0.0, 0.0, 0.0, 0.0, 0.0, 0.0, 0.0, 0.0, 0.0, 0.0, 0.0, 0.0, 0.0, 0.0, 0.0, 0.0, 0.0, 0.0, 0.0, 0.0]"
NODE_0000374,"[0.0003344325652869062, 0.0001789449817524925, 0.9731160129067552, 0.00016457460393635772, 0.0163361608226841, 0.00016580072837080602, 0.00018108922303200405, 0.00016402550010676106, 0.00016665260995832518, 0.00016236494088493262, 0.00015829880309251837, 0.0001615421595594042, 0.0001594774860645782, 0.0001664508227032075, 0.00011816599171942249, 0.000284357403577599, 0.00016534055306976968, 0.0001615421595594036, 0.0001615421595594034, 0.00015940185240544174, 0.004541779330192441, 0.0001671706913364027, 0.0005430343581703731, 0.00016302000998360953, 0.00015652623875816408, 0.00015487102949459912, 0.00014623944267154625, 0.0001553028717706445, 0.0001562510344338479, 0.00098427717709947, 0.00016534954201010118]"
hMpxV/Brazil/RJ-FIOCRUZ-3017/2023|EPI_ISL_17614017|2023-02-15,"[0.0, 0.0, 1.0, 0.0, 0.0, 0.0, 0.0, 0.0, 0.0, 0.0, 0.0, 0.0, 0.0, 0.0, 0.0, 0.0, 0.0, 0.0, 0.0, 0.0, 0.0, 0.0, 0.0, 0.0, 0.0, 0.0, 0.0, 0.0, 0.0, 0.0, 0.0]"
NODE_0000375,"[9.15038255769793e-07, 2.6915291869765344e-07, 0.9998398221310183, 2.680524348692518e-07, 2.0734973647884673e-06, 2.6809421623353313e-07, 3.1162233995103816e-07, 4.396838367703599e-07, 5.345381425564692e-07, 3.5316921515565156e-07, 3.199404701513419e-07, 2.6581749043544406e-07, 2.5609936418853364e-07, 5.248678982903504e-07, 2.2763363321178e-07, 5.318761798777681e-07, 5.328925931814659e-07, 2.658174904354334e-07, 2.6581749043544024e-07, 3.1327804165349137e-07, 4.393160721621421e-06, 2.645213242220616e-07, 0.0001385598906541285, 2.7182491522959357e-07, 1.2116438954471943e-06, 2.576291668755662e-07, 2.3390415610426693e-07, 2.610642906838093e-07, 2.5258815123083276e-07, 5.089878463046072e-06, 4.4487386627542164e-07]"
hMpxV/Brazil/RS-CEVS-362/2023|EPI_ISL_18971016|2023-09-14,"[0.0, 0.0, 1.0, 0.0, 0.0, 0.0, 0.0, 0.0, 0.0, 0.0, 0.0, 0.0, 0.0, 0.0, 0.0, 0.0, 0.0, 0.0, 0.0, 0.0, 0.0, 0.0, 0.0, 0.0, 0.0, 0.0, 0.0, 0.0, 0.0, 0.0, 0.0]"
hMpxV/Portugal/INSA-PT0802/2023|EPI_ISL_18702213|2023-11-23,"[0.0, 0.0, 0.0, 0.0, 0.0, 0.0, 0.0, 0.0, 0.0, 0.0, 0.0, 0.0, 0.0, 0.0, 0.0, 0.0, 0.0, 0.0, 0.0, 0.0, 0.0, 0.0, 1.0, 0.0, 0.0, 0.0, 0.0, 0.0, 0.0, 0.0, 0.0]"
NODE_0000376,"[2.4844872944771656e-16, 1.074654280353221e-17, 0.9999999999999729, 1.0576116830557839e-17, 4.980071378671242e-16, 1.072361784945379e-17, 1.6002577899913192e-17, 1.1064607851107382e-17, 1.1164881257246718e-17, 1.0777430625316147e-17, 1.0963620409951277e-17, 1.0760233998563718e-17, 9.458209163700917e-18, 1.0750498348401962e-17, 6.1917427424630075e-18, 7.409073536488758e-17, 1.0336469155219079e-17, 1.0760233998557222e-17, 1.0760233998563878e-17, 9.675643022704804e-18, 1.4156410960554491e-14, 9.600247324088591e-18, 8.244945916685794e-15, 1.0674327717620861e-17, 9.137032921216052e-18, 1.0598753953374364e-17, 7.67530330296557e-18, 1.0880334793361942e-17, 9.530646600273222e-18, 3.8458489971898e-15, 1.0960542806102769e-17]"
hMpxV/Brazil/SP-IAL-3280/2023|EPI_ISL_19446284|2023-10-09,"[0.0, 0.0, 0.9999999999999999, 0.0, 0.0, 0.0, 0.0, 0.0, 0.0, 0.0, 0.0, 0.0, 0.0, 0.0, 0.0, 0.0, 0.0, 0.0, 0.0, 0.0, 0.0, 0.0, 0.0, 0.0, 0.0, 0.0, 0.0, 0.0, 0.0, 0.0, 0.0]"
hMpxV/Brazil/SP-IAL-3281/2023|EPI_ISL_19446285|2023-10-09,"[0.0, 0.0, 0.9999999999999999, 0.0, 0.0, 0.0, 0.0, 0.0, 0.0, 0.0, 0.0, 0.0, 0.0, 0.0, 0.0, 0.0, 0.0, 0.0, 0.0, 0.0, 0.0, 0.0, 0.0, 0.0, 0.0, 0.0, 0.0, 0.0, 0.0, 0.0, 0.0]"
hMpxV/Brazil/SP-IAL-357399029/2023|EPI_ISL_19446287|2023-11-29,"[0.0, 0.0, 1.0, 0.0, 0.0, 0.0, 0.0, 0.0, 0.0, 0.0, 0.0, 0.0, 0.0, 0.0, 0.0, 0.0, 0.0, 0.0, 0.0, 0.0, 0.0, 0.0, 0.0, 0.0, 0.0, 0.0, 0.0, 0.0, 0.0, 0.0, 0.0]"
hMpxV/Brazil/SP-IAL-3284/2023|EPI_ISL_19446288|2023-12-18,"[0.0, 0.0, 1.0, 0.0, 0.0, 0.0, 0.0, 0.0, 0.0, 0.0, 0.0, 0.0, 0.0, 0.0, 0.0, 0.0, 0.0, 0.0, 0.0, 0.0, 0.0, 0.0, 0.0, 0.0, 0.0, 0.0, 0.0, 0.0, 0.0, 0.0, 0.0]"
hMpxV/Brazil/SP-IAL-3282/2023|EPI_ISL_19446286|2023-10-11,"[0.0, 0.0, 1.0, 0.0, 0.0, 0.0, 0.0, 0.0, 0.0, 0.0, 0.0, 0.0, 0.0, 0.0, 0.0, 0.0, 0.0, 0.0, 0.0, 0.0, 0.0, 0.0, 0.0, 0.0, 0.0, 0.0, 0.0, 0.0, 0.0, 0.0, 0.0]"
NODE_0000327,"[1.8514372593662925e-32, 3.5645392176862206e-31, 3.96916665191072e-28, 7.2613128848569785e-34, 3.603667744069597e-27, 9.351745658103236e-33, 3.2306824107141853e-32, 7.458358429824492e-34, 7.396249521323784e-34, 7.372542562119773e-34, 7.635044048210879e-34, 7.449263078447934e-34, 6.6235036208127624e-34, 2.869627127260134e-32, 2.117455356671511e-32, 8.236578120462207e-26, 1.236162594678292e-33, 7.449263078446828e-34, 7.449263078449366e-34, 2.661702673430738e-32, 1.0, 6.572115083240016e-34, 6.696167023536679e-32, 7.358083513534691e-34, 5.8457343043676305e-34, 7.694152464004218e-34, 6.494450413361289e-34, 7.882550181507324e-34, 6.811201707237086e-34, 6.034552132041117e-25, 7.36087563712588e-34]"
hMpxV/Peru/LIM-INS-328/2022|EPI_ISL_16999077|2022-11-21,"[0.0, 0.0, 0.0, 0.0, 0.0, 0.0, 0.0, 0.0, 0.0, 0.0, 0.0, 0.0, 0.0, 0.0, 0.0, 0.0, 0.0, 0.0, 0.0, 0.0, 1.0, 0.0, 0.0, 0.0, 0.0, 0.0, 0.0, 0.0, 0.0, 0.0, 0.0]"
hMpxV/Peru/LIM-INS-289/2022|EPI_ISL_16999078|2022-11-24,"[0.0, 0.0, 0.0, 0.0, 0.0, 0.0, 0.0, 0.0, 0.0, 0.0, 0.0, 0.0, 0.0, 0.0, 0.0, 0.0, 0.0, 0.0, 0.0, 0.0, 1.0, 0.0, 0.0, 0.0, 0.0, 0.0, 0.0, 0.0, 0.0, 0.0, 0.0]"
hMpxV/Peru/LIM-INS-355/2022|EPI_ISL_16999081|2022-12-29,"[0.0, 0.0, 0.0, 0.0, 0.0, 0.0, 0.0, 0.0, 0.0, 0.0, 0.0, 0.0, 0.0, 0.0, 0.0, 0.0, 0.0, 0.0, 0.0, 0.0, 0.9999999999999999, 0.0, 0.0, 0.0, 0.0, 0.0, 0.0, 0.0, 0.0, 0.0, 0.0]"
hMpxV/Peru/LIM-INS-294/2022|EPI_ISL_16999089|2022-11-24,"[0.0, 0.0, 0.0, 0.0, 0.0, 0.0, 0.0, 0.0, 0.0, 0.0, 0.0, 0.0, 0.0, 0.0, 0.0, 0.0, 0.0, 0.0, 0.0, 0.0, 1.0, 0.0, 0.0, 0.0, 0.0, 0.0, 0.0, 0.0, 0.0, 0.0, 0.0]"
hMpxV/Peru/LIM-INS-329/2022|EPI_ISL_16999098|2022-11-28,"[0.0, 0.0, 0.0, 0.0, 0.0, 0.0, 0.0, 0.0, 0.0, 0.0, 0.0, 0.0, 0.0, 0.0, 0.0, 0.0, 0.0, 0.0, 0.0, 0.0, 0.9999999999999999, 0.0, 0.0, 0.0, 0.0, 0.0, 0.0, 0.0, 0.0, 0.0, 0.0]"
NODE_0000328,"[3.780832450373905e-10, 9.037868286931977e-10, 6.906083304350225e-09, 1.4133922832443486e-10, 1.3714903568964208e-08, 3.0177186774912817e-10, 4.3327794621173825e-10, 1.3972130039864262e-10, 1.4086985964020794e-10, 1.3934439748584562e-10, 1.3690486544924582e-10, 1.392382048778436e-10, 1.3938757963708655e-10, 4.2397399454401777e-10, 3.470226343078519e-10, 3.1957039788515897e-08, 1.661365287699676e-10, 1.3923820487783524e-10, 1.3923820487784785e-10, 4.146115785301025e-10, 0.9999998694863519, 1.440571203257839e-10, 4.1739420390875574e-10, 1.4024662897643605e-10, 1.335393129957905e-10, 1.3553997186598024e-10, 1.3864998361727314e-10, 1.3562415451155493e-10, 1.377564009197087e-10, 7.17882214532711e-08, 1.406457801262307e-10]"
hMpxV/Peru/LIM-INS-343/2022|EPI_ISL_16999085|2022-12-19,"[0.0, 0.0, 0.0, 0.0, 0.0, 0.0, 0.0, 0.0, 0.0, 0.0, 0.0, 0.0, 0.0, 0.0, 0.0, 0.0, 0.0, 0.0, 0.0, 0.0, 1.0, 0.0, 0.0, 0.0, 0.0, 0.0, 0.0, 0.0, 0.0, 0.0, 0.0]"
hMpxV/Peru/LIM-INS-293/2022|EPI_ISL_16999083|2022-11-25,"[0.0, 0.0, 0.0, 0.0, 0.0, 0.0, 0.0, 0.0, 0.0, 0.0, 0.0, 0.0, 0.0, 0.0, 0.0, 0.0, 0.0, 0.0, 0.0, 0.0, 0.9999999999999999, 0.0, 0.0, 0.0, 0.0, 0.0, 0.0, 0.0, 0.0, 0.0, 0.0]"
NODE_0000331,"[3.1349455635847645e-12, 9.69630810371145e-12, 1.4710445031080576e-10, 8.721458435815107e-13, 3.543583841760325e-10, 2.3465834268248976e-12, 3.743060893855585e-12, 8.673936878894133e-13, 8.73096228271898e-13, 8.635507790710894e-13, 8.54671020175383e-13, 8.637369135454987e-13, 8.509333181096236e-13, 3.6144528598909627e-12, 2.906558259442311e-12, 1.1354804038361804e-09, 1.0880171824889566e-12, 8.637369135454514e-13, 8.637369135455022e-13, 3.5123613035438083e-12, 0.9999999952658467, 8.754622254065448e-13, 4.003094473103465e-12, 8.677549436245796e-13, 8.14337919694516e-13, 8.524233343192683e-13, 8.487475954987077e-13, 8.553412916220719e-13, 8.468510741778962e-13, 3.0485601878313474e-09, 8.708571569557418e-13]"
hMpxV/Peru/LIM-INS-344/2022|EPI_ISL_16999102|2022-12-20,"[0.0, 0.0, 0.0, 0.0, 0.0, 0.0, 0.0, 0.0, 0.0, 0.0, 0.0, 0.0, 0.0, 0.0, 0.0, 0.0, 0.0, 0.0, 0.0, 0.0, 1.0, 0.0, 0.0, 0.0, 0.0, 0.0, 0.0, 0.0, 0.0, 0.0, 0.0]"
hMpxV/Peru/LIM-INS-437/2022|EPI_ISL_19343488|2022-11-30,"[0.0, 0.0, 0.0, 0.0, 0.0, 0.0, 0.0, 0.0, 0.0, 0.0, 0.0, 0.0, 0.0, 0.0, 0.0, 0.0, 0.0, 0.0, 0.0, 0.0, 1.0, 0.0, 0.0, 0.0, 0.0, 0.0, 0.0, 0.0, 0.0, 0.0, 0.0]"
hMpxV/Peru/LIM-INS-390/2023|EPI_ISL_19343505|2023-01-06,"[0.0, 0.0, 0.0, 0.0, 0.0, 0.0, 0.0, 0.0, 0.0, 0.0, 0.0, 0.0, 0.0, 0.0, 0.0, 0.0, 0.0, 0.0, 0.0, 0.0, 1.0, 0.0, 0.0, 0.0, 0.0, 0.0, 0.0, 0.0, 0.0, 0.0, 0.0]"
NODE_0000332,"[2.2125407142477773e-11, 6.466721509270657e-11, 9.43996928589463e-10, 6.3906465855885905e-12, 2.1964690133703e-09, 1.659105948742387e-11, 2.5739465974140442e-11, 6.360161326591862e-12, 6.408180407939999e-12, 6.328248665611644e-12, 6.260961951772879e-12, 6.32454754817456e-12, 6.2395687614988945e-12, 2.4878145613007258e-11, 1.9935252123804733e-11, 6.962076896328948e-09, 8.034714522752237e-12, 6.324547548174248e-12, 6.324547548174734e-12, 2.4215508693918232e-11, 0.9999999705993569, 6.430287994841843e-12, 2.7328319511607483e-11, 6.355985498001363e-12, 6.053126373047152e-12, 6.283478150992145e-12, 6.26045237023632e-12, 6.30012731786476e-12, 6.218979752345469e-12, 1.8957333758474222e-08, 6.387551099267632e-12]"
hMpxV/Peru/LIM-INS-413/2023|EPI_ISL_19343498|2023-02-10,"[0.0, 0.0, 0.0, 0.0, 0.0, 0.0, 0.0, 0.0, 0.0, 0.0, 0.0, 0.0, 0.0, 0.0, 0.0, 0.0, 0.0, 0.0, 0.0, 0.0, 1.0, 0.0, 0.0, 0.0, 0.0, 0.0, 0.0, 0.0, 0.0, 0.0, 0.0]"
hMpxV/Peru/CAL-INS-403/2023|EPI_ISL_19343516|2023-02-02,"[0.0, 0.0, 0.0, 0.0, 0.0, 0.0, 0.0, 0.0, 0.0, 0.0, 0.0, 0.0, 0.0, 0.0, 0.0, 0.0, 0.0, 0.0, 0.0, 0.0, 1.0, 0.0, 0.0, 0.0, 0.0, 0.0, 0.0, 0.0, 0.0, 0.0, 0.0]"
hMpxV/Peru/LIM-INS-376/2023|EPI_ISL_19343540|2023-01-13,"[0.0, 0.0, 0.0, 0.0, 0.0, 0.0, 0.0, 0.0, 0.0, 0.0, 0.0, 0.0, 0.0, 0.0, 0.0, 0.0, 0.0, 0.0, 0.0, 0.0, 0.9999999999999999, 0.0, 0.0, 0.0, 0.0, 0.0, 0.0, 0.0, 0.0, 0.0, 0.0]"
NODE_0000329,"[4.403776311679389e-10, 1.033868383172618e-09, 7.811307353928485e-09, 1.6659567462775719e-10, 1.5348088037955518e-08, 3.516699621995636e-10, 5.003798492536874e-10, 1.6473143393309525e-10, 1.6613992295234263e-10, 1.6425233842020053e-10, 1.613626493238227e-10, 1.64082342284095e-10, 1.643267462068494e-10, 4.89760000703444e-10, 4.0035147091415085e-10, 3.565157400142846e-08, 1.9640485772222723e-10, 1.640823422840928e-10, 1.640823422841277e-10, 4.792088329343942e-10, 0.9999998535859315, 1.6992965833187218e-10, 4.80980029339564e-10, 1.6528662469731904e-10, 1.5818296431861704e-10, 1.6010185252626327e-10, 1.6380764084484543e-10, 1.6016035542405261e-10, 1.6249741381221602e-10, 8.044463875636045e-08, 1.6583712927986987e-10]"
hMpxV/Peru/LIM-INS-332/2022|EPI_ISL_16999097|2022-12-01,"[0.0, 0.0, 0.0, 0.0, 0.0, 0.0, 0.0, 0.0, 0.0, 0.0, 0.0, 0.0, 0.0, 0.0, 0.0, 0.0, 0.0, 0.0, 0.0, 0.0, 0.9999999999999999, 0.0, 0.0, 0.0, 0.0, 0.0, 0.0, 0.0, 0.0, 0.0, 0.0]"
NODE_0000330,"[5.8401858805864305e-12, 1.7985583619092105e-11, 2.721449497956526e-10, 1.6293630669571191e-12, 6.539114557608297e-10, 4.372025244962814e-12, 6.9587444258829014e-12, 1.6205873883157341e-12, 1.6313698569219038e-12, 1.6133251384540706e-12, 1.596703175808867e-12, 1.6135669253595404e-12, 1.5898050411704743e-12, 6.720048707744086e-12, 5.402220540703245e-12, 2.0938759544031115e-09, 2.0341196868531173e-12, 1.613566925359487e-12, 1.6135669253595574e-12, 6.531104946398052e-12, 0.9999999912617431, 1.635858632239357e-12, 7.438343730673897e-12, 1.6211102829389252e-12, 1.5231759694221047e-12, 1.5933408141596878e-12, 1.5865377168622047e-12, 1.5986971037733691e-12, 1.5823986391346687e-12, 5.627752106165873e-09, 1.6270950687357586e-12]"
hMpxV/Peru/LIM-INS-402/2023|EPI_ISL_19343500|2023-02-02,"[0.0, 0.0, 0.0, 0.0, 0.0, 0.0, 0.0, 0.0, 0.0, 0.0, 0.0, 0.0, 0.0, 0.0, 0.0, 0.0, 0.0, 0.0, 0.0, 0.0, 1.0, 0.0, 0.0, 0.0, 0.0, 0.0, 0.0, 0.0, 0.0, 0.0, 0.0]"
hMpxV/Peru/LIM-INS-368/2023|EPI_ISL_19343525|2023-01-03,"[0.0, 0.0, 0.0, 0.0, 0.0, 0.0, 0.0, 0.0, 0.0, 0.0, 0.0, 0.0, 0.0, 0.0, 0.0, 0.0, 0.0, 0.0, 0.0, 0.0, 1.0, 0.0, 0.0, 0.0, 0.0, 0.0, 0.0, 0.0, 0.0, 0.0, 0.0]"
hMpxV/Peru/LIM-INS-371/2023|EPI_ISL_19343562|2023-01-06,"[0.0, 0.0, 0.0, 0.0, 0.0, 0.0, 0.0, 0.0, 0.0, 0.0, 0.0, 0.0, 0.0, 0.0, 0.0, 0.0, 0.0, 0.0, 0.0, 0.0, 1.0, 0.0, 0.0, 0.0, 0.0, 0.0, 0.0, 0.0, 0.0, 0.0, 0.0]"
NODE_0000458,"[2.2554153330299358e-07, 5.2233768390097e-07, 1.9264193616619877e-06, 2.40556476455553e-07, 0.9909181210549184, 3.0736919761735534e-07, 3.451504884598631e-07, 2.3562819343731153e-07, 2.384386343108847e-07, 2.3440296902532417e-07, 2.280437148971487e-07, 2.3499356184401424e-07, 2.30489847331006e-07, 3.383787346321123e-07, 2.2014388940321927e-07, 1.0784373575458592e-06, 2.427025779721646e-07, 2.3499356184402764e-07, 2.3499356184397247e-07, 3.2495629593261755e-07, 0.009071254846405783, 2.4493854130555525e-07, 2.052391579200208e-07, 2.3765390368343328e-07, 1.9924137489542212e-07, 2.206210856297869e-07, 2.0800860938331828e-07, 2.218534608285493e-07, 2.251006982707746e-07, 9.794717538327467e-07, 2.3799244879916202e-07]"
hMpxV/Chile/TA-ISP-131515/2022|EPI_ISL_19345330|2022-11-21,"[0.0, 0.0, 0.0, 0.0, 1.0, 0.0, 0.0, 0.0, 0.0, 0.0, 0.0, 0.0, 0.0, 0.0, 0.0, 0.0, 0.0, 0.0, 0.0, 0.0, 0.0, 0.0, 0.0, 0.0, 0.0, 0.0, 0.0, 0.0, 0.0, 0.0, 0.0]"
NODE_0000459,"[1.823885854731771e-23, 1.881675476406456e-22, 4.2840954604786995e-21, 7.059715732180486e-23, 0.9999999999999992, 8.038772704940813e-23, 8.69248114357016e-23, 6.928513519398668e-23, 6.989110786011831e-23, 6.799309059687547e-23, 6.684695636277114e-23, 6.942308806502484e-23, 5.864371496370602e-23, 7.936052642402939e-23, 2.5076262675404964e-23, 1.2949278420255673e-22, 6.076129152814034e-23, 6.942308806505129e-23, 6.942308806497623e-23, 6.966495701386046e-23, 8.524549717800369e-16, 6.543994751395158e-23, 2.4474585956500213e-23, 6.992886777313591e-23, 3.5500828875455195e-23, 6.149851405787519e-23, 3.935272335726003e-23, 6.383476416271182e-23, 5.691655822828386e-23, 2.65736176123627e-23, 6.956025120943131e-23]"
hMpxV/Chile/RM-ISP-133151/2022|EPI_ISL_19345336|2022-11-30,"[0.0, 0.0, 0.0, 0.0, 1.0, 0.0, 0.0, 0.0, 0.0, 0.0, 0.0, 0.0, 0.0, 0.0, 0.0, 0.0, 0.0, 0.0, 0.0, 0.0, 0.0, 0.0, 0.0, 0.0, 0.0, 0.0, 0.0, 0.0, 0.0, 0.0, 0.0]"
hMpxV/Chile/RM-ISP-134481/2022|EPI_ISL_19345342|2022-12-06,"[0.0, 0.0, 0.0, 0.0, 1.0, 0.0, 0.0, 0.0, 0.0, 0.0, 0.0, 0.0, 0.0, 0.0, 0.0, 0.0, 0.0, 0.0, 0.0, 0.0, 0.0, 0.0, 0.0, 0.0, 0.0, 0.0, 0.0, 0.0, 0.0, 0.0, 0.0]"
hMpxV/Chile/RM-ISP-134390/2022|EPI_ISL_19345341|2022-11-30,"[0.0, 0.0, 0.0, 0.0, 1.0, 0.0, 0.0, 0.0, 0.0, 0.0, 0.0, 0.0, 0.0, 0.0, 0.0, 0.0, 0.0, 0.0, 0.0, 0.0, 0.0, 0.0, 0.0, 0.0, 0.0, 0.0, 0.0, 0.0, 0.0, 0.0, 0.0]"
hMpxV/Chile/RM-ISP-137742/2022|EPI_ISL_19345352|2022-12-15,"[0.0, 0.0, 0.0, 0.0, 0.9999999999999999, 0.0, 0.0, 0.0, 0.0, 0.0, 0.0, 0.0, 0.0, 0.0, 0.0, 0.0, 0.0, 0.0, 0.0, 0.0, 0.0, 0.0, 0.0, 0.0, 0.0, 0.0, 0.0, 0.0, 0.0, 0.0, 0.0]"
hMpxV/Chile/VS-ISP-7728/2023|EPI_ISL_19345370|2023-01-27,"[0.0, 0.0, 0.0, 0.0, 1.0, 0.0, 0.0, 0.0, 0.0, 0.0, 0.0, 0.0, 0.0, 0.0, 0.0, 0.0, 0.0, 0.0, 0.0, 0.0, 0.0, 0.0, 0.0, 0.0, 0.0, 0.0, 0.0, 0.0, 0.0, 0.0, 0.0]"
hMpxV/Chile/RM-ISP-7794/2023|EPI_ISL_19345371|2023-01-30,"[0.0, 0.0, 0.0, 0.0, 1.0, 0.0, 0.0, 0.0, 0.0, 0.0, 0.0, 0.0, 0.0, 0.0, 0.0, 0.0, 0.0, 0.0, 0.0, 0.0, 0.0, 0.0, 0.0, 0.0, 0.0, 0.0, 0.0, 0.0, 0.0, 0.0, 0.0]"
hMpxV/Chile/RM-ISP-8717/2023|EPI_ISL_19345372|2023-02-02,"[0.0, 0.0, 0.0, 0.0, 0.9999999999999999, 0.0, 0.0, 0.0, 0.0, 0.0, 0.0, 0.0, 0.0, 0.0, 0.0, 0.0, 0.0, 0.0, 0.0, 0.0, 0.0, 0.0, 0.0, 0.0, 0.0, 0.0, 0.0, 0.0, 0.0, 0.0, 0.0]"
NODE_0000460,"[8.305600953193662e-28, 1.1426510766526439e-26, 2.859176913151284e-25, 5.556862445129171e-27, 0.9999999999999999, 5.4241657345264706e-27, 5.421534467967056e-27, 5.446436654112211e-27, 5.498301698616443e-27, 5.325427541385137e-27, 5.2372274191100156e-27, 5.460599868721911e-27, 4.4528380959298936e-27, 4.8859709256396424e-27, 1.2406566865632017e-27, 2.0485979976910287e-27, 4.4751619254664736e-27, 5.460599868725372e-27, 5.460599868713512e-27, 4.1874877530064524e-27, 1.414476326622304e-21, 5.054007687575874e-27, 1.1188778607994291e-27, 5.502748155545003e-27, 2.449162612970919e-27, 4.744746708795491e-27, 2.755592705003136e-27, 4.963215880590941e-27, 4.3091774108034236e-27, 2.0363035643181716e-28, 5.467252450902991e-27]"
hMpxV/Chile/VS-ISP-131906/2022|EPI_ISL_19345332|2022-11-26,"[0.0, 0.0, 0.0, 0.0, 1.0, 0.0, 0.0, 0.0, 0.0, 0.0, 0.0, 0.0, 0.0, 0.0, 0.0, 0.0, 0.0, 0.0, 0.0, 0.0, 0.0, 0.0, 0.0, 0.0, 0.0, 0.0, 0.0, 0.0, 0.0, 0.0, 0.0]"
hMpxV/Chile/RM-ISP-134774/2022|EPI_ISL_19345343|2022-12-01,"[0.0, 0.0, 0.0, 0.0, 1.0, 0.0, 0.0, 0.0, 0.0, 0.0, 0.0, 0.0, 0.0, 0.0, 0.0, 0.0, 0.0, 0.0, 0.0, 0.0, 0.0, 0.0, 0.0, 0.0, 0.0, 0.0, 0.0, 0.0, 0.0, 0.0, 0.0]"
hMpxV/Chile/RM-ISP-135958/2022|EPI_ISL_19345348|2022-12-04,"[0.0, 0.0, 0.0, 0.0, 1.0, 0.0, 0.0, 0.0, 0.0, 0.0, 0.0, 0.0, 0.0, 0.0, 0.0, 0.0, 0.0, 0.0, 0.0, 0.0, 0.0, 0.0, 0.0, 0.0, 0.0, 0.0, 0.0, 0.0, 0.0, 0.0, 0.0]"
hMpxV/Chile/VS-ISP-138625/2022|EPI_ISL_19345356|2022-12-19,"[0.0, 0.0, 0.0, 0.0, 1.0, 0.0, 0.0, 0.0, 0.0, 0.0, 0.0, 0.0, 0.0, 0.0, 0.0, 0.0, 0.0, 0.0, 0.0, 0.0, 0.0, 0.0, 0.0, 0.0, 0.0, 0.0, 0.0, 0.0, 0.0, 0.0, 0.0]"
hMpxV/Chile/RM-ISP-140628/2022|EPI_ISL_19345358|2022-12-28,"[0.0, 0.0, 0.0, 0.0, 0.9999999999999999, 0.0, 0.0, 0.0, 0.0, 0.0, 0.0, 0.0, 0.0, 0.0, 0.0, 0.0, 0.0, 0.0, 0.0, 0.0, 0.0, 0.0, 0.0, 0.0, 0.0, 0.0, 0.0, 0.0, 0.0, 0.0, 0.0]"
hMpxV/Chile/VS-ISP-1163/2023|EPI_ISL_19345353|2023-01-03,"[0.0, 0.0, 0.0, 0.0, 1.0, 0.0, 0.0, 0.0, 0.0, 0.0, 0.0, 0.0, 0.0, 0.0, 0.0, 0.0, 0.0, 0.0, 0.0, 0.0, 0.0, 0.0, 0.0, 0.0, 0.0, 0.0, 0.0, 0.0, 0.0, 0.0, 0.0]"
hMpxV/Chile/RM-ISP-135491/2022|EPI_ISL_19345346|2022-12-09,"[0.0, 0.0, 0.0, 0.0, 0.9999999999999999, 0.0, 0.0, 0.0, 0.0, 0.0, 0.0, 0.0, 0.0, 0.0, 0.0, 0.0, 0.0, 0.0, 0.0, 0.0, 0.0, 0.0, 0.0, 0.0, 0.0, 0.0, 0.0, 0.0, 0.0, 0.0, 0.0]"
hMpxV/Chile/VS-ISP-7726/2023|EPI_ISL_19345368|2023-01-27,"[0.0, 0.0, 0.0, 0.0, 1.0, 0.0, 0.0, 0.0, 0.0, 0.0, 0.0, 0.0, 0.0, 0.0, 0.0, 0.0, 0.0, 0.0, 0.0, 0.0, 0.0, 0.0, 0.0, 0.0, 0.0, 0.0, 0.0, 0.0, 0.0, 0.0, 0.0]"
NODE_0000461,"[5.123123379957331e-08, 1.0948738822614044e-07, 2.663182985519487e-07, 9.026837298231444e-08, 0.999995815021168, 8.820904419763852e-08, 8.678886583407368e-08, 8.800054422217762e-08, 8.921706701521073e-08, 8.746612133257863e-08, 8.460550608284658e-08, 8.777300348443671e-08, 8.563487818883518e-08, 8.530777587790607e-08, 5.0652286950083877e-08, 5.600628830577403e-08, 8.488435431685656e-08, 8.777300348444087e-08, 8.777300348443034e-08, 8.149371636996642e-08, 1.697558487256834e-06, 9.218011175004958e-08, 4.178640862024497e-08, 8.894659714981037e-08, 7.137112048731927e-08, 8.123131102610354e-08, 7.426662273584206e-08, 8.177931401119715e-08, 8.312643422626119e-08, 3.480121203692086e-08, 8.904046017065871e-08]"
hMpxV/Chile/VS-ISP-4661/2023|EPI_ISL_19345366|2023-01-17,"[0.0, 0.0, 0.0, 0.0, 1.0, 0.0, 0.0, 0.0, 0.0, 0.0, 0.0, 0.0, 0.0, 0.0, 0.0, 0.0, 0.0, 0.0, 0.0, 0.0, 0.0, 0.0, 0.0, 0.0, 0.0, 0.0, 0.0, 0.0, 0.0, 0.0, 0.0]"
NODE_0000462,"[4.243105204547895e-10, 9.541442377555137e-10, 2.4391062690008895e-09, 7.782775544765477e-10, 0.9999999596392061, 7.595209712605201e-10, 7.466666549374469e-10, 7.590847354240624e-10, 7.698260610412394e-10, 7.539603465174811e-10, 7.298850842459804e-10, 7.569247462239548e-10, 7.347294339571489e-10, 7.326877305420342e-10, 4.230568197378549e-10, 4.6119420802512115e-10, 7.295464975962799e-10, 7.569247462240857e-10, 7.569247462237567e-10, 6.974210797028207e-10, 1.8899508973217072e-08, 7.924078155672275e-10, 3.46885274511063e-10, 7.671105162395439e-10, 6.056649483391645e-10, 6.99604690886712e-10, 6.323687892666206e-10, 7.051532176544322e-10, 7.137712578380072e-10, 2.6606384532402016e-10, 7.680621515681702e-10]"
hMpxV/Chile/VS-ISP-189/2022|EPI_ISL_19345361|2022-12-30,"[0.0, 0.0, 0.0, 0.0, 1.0, 0.0, 0.0, 0.0, 0.0, 0.0, 0.0, 0.0, 0.0, 0.0, 0.0, 0.0, 0.0, 0.0, 0.0, 0.0, 0.0, 0.0, 0.0, 0.0, 0.0, 0.0, 0.0, 0.0, 0.0, 0.0, 0.0]"
hMpxV/Chile/VS-ISP-445/2022|EPI_ISL_19345362|2022-12-31,"[0.0, 0.0, 0.0, 0.0, 1.0, 0.0, 0.0, 0.0, 0.0, 0.0, 0.0, 0.0, 0.0, 0.0, 0.0, 0.0, 0.0, 0.0, 0.0, 0.0, 0.0, 0.0, 0.0, 0.0, 0.0, 0.0, 0.0, 0.0, 0.0, 0.0, 0.0]"
NODE_0000422,"[0.0012107622023539608, 0.0016953825456289169, 0.009208649919771975, 0.0009283778888592504, 0.004517148859944183, 0.0011832186923776114, 0.208120021179948, 0.0009157472506225009, 0.0009306154417525169, 0.0009095568005694865, 0.0008818233894384343, 0.0009059750545892357, 0.0009081486857070573, 0.0013186963687519158, 0.0009524148553805828, 0.0048479725906984145, 0.000977183536565087, 0.0009059750545892336, 0.000905975054589242, 0.0012731182653734033, 0.7416922311606475, 0.0009585698157621482, 0.0010918392100676294, 0.0009171071350291561, 0.0008685115194753075, 0.000863314367632027, 0.0008548873857516562, 0.0008635100908776359, 0.0008869057623122085, 0.006580375743184922, 0.0009259841717490731]"
hMpxV/Egypt/MOH-NRC-0023/2022|EPI_ISL_18879931|2022-12-18,"[0.0, 0.0, 0.0, 0.0, 0.0, 0.0, 1.0, 0.0, 0.0, 0.0, 0.0, 0.0, 0.0, 0.0, 0.0, 0.0, 0.0, 0.0, 0.0, 0.0, 0.0, 0.0, 0.0, 0.0, 0.0, 0.0, 0.0, 0.0, 0.0, 0.0, 0.0]"
NODE_0000423,"[5.88955913714309e-10, 6.333823306794098e-11, 0.9999999685438001, 5.884456987022857e-11, 1.0832044770490285e-09, 6.153640208355077e-11, 1.1872468009288488e-10, 6.129501789097096e-11, 6.249412783376529e-11, 5.96851214842038e-11, 5.948962746565793e-11, 5.900091158419662e-11, 5.465801578312154e-11, 6.27747639738057e-11, 4.0471710632041276e-11, 3.160006059572912e-10, 6.289247763648077e-11, 5.900091158418655e-11, 5.900091158419264e-11, 5.722705076901095e-11, 1.5170900915444488e-08, 5.6147492815603975e-11, 4.049676762430079e-09, 5.893924264330192e-11, 6.047211937835744e-11, 5.894859898752826e-11, 4.736588331632408e-11, 5.973998263010078e-11, 5.447871677345428e-11, 8.789778532214538e-09, 6.115622323292847e-11]"
hMpxV/Brazil/RJ-UG_UFRJ_0544/2024|EPI_ISL_19434489|2024-03-06,"[0.0, 0.0, 1.0, 0.0, 0.0, 0.0, 0.0, 0.0, 0.0, 0.0, 0.0, 0.0, 0.0, 0.0, 0.0, 0.0, 0.0, 0.0, 0.0, 0.0, 0.0, 0.0, 0.0, 0.0, 0.0, 0.0, 0.0, 0.0, 0.0, 0.0, 0.0]"
hMpxV/Brazil/RJ-UG_UFRJ_0548/2024|EPI_ISL_19434492|2024-04-15,"[0.0, 0.0, 1.0, 0.0, 0.0, 0.0, 0.0, 0.0, 0.0, 0.0, 0.0, 0.0, 0.0, 0.0, 0.0, 0.0, 0.0, 0.0, 0.0, 0.0, 0.0, 0.0, 0.0, 0.0, 0.0, 0.0, 0.0, 0.0, 0.0, 0.0, 0.0]"
NODE_0000424,"[1.8386151046030474e-10, 2.3285584028993367e-11, 0.9999999948284564, 2.326379312829918e-11, 2.7569459583207044e-10, 2.3325509573638514e-11, 2.999863008696256e-11, 2.361595035918691e-11, 2.38276966542381e-11, 2.3275206516715435e-11, 2.3219586262343193e-11, 2.325864247548874e-11, 2.1788231748704576e-11, 2.3167038715996034e-11, 1.544931254787825e-11, 7.654403026328347e-11, 2.288142150897316e-11, 2.3258642475485592e-11, 2.325864247548802e-11, 2.175675561405591e-11, 1.7855965917891282e-09, 2.2398220565934992e-11, 1.1482824548166744e-09, 2.3261292422277055e-11, 2.077420679276646e-11, 2.2666172978973843e-11, 1.9040295938362032e-11, 2.297011453323698e-11, 2.1675553844129464e-11, 1.1565546355511564e-09, 2.3593348309322694e-11]"
hMpxV/Brazil/SC-FIOCRUZ-10555/2024|EPI_ISL_19416191|2024-03-01,"[0.0, 0.0, 1.0, 0.0, 0.0, 0.0, 0.0, 0.0, 0.0, 0.0, 0.0, 0.0, 0.0, 0.0, 0.0, 0.0, 0.0, 0.0, 0.0, 0.0, 0.0, 0.0, 0.0, 0.0, 0.0, 0.0, 0.0, 0.0, 0.0, 0.0, 0.0]"
NODE_0000425,"[4.0360951694620625e-07, 8.755991437516565e-08, 0.9999923295732721, 8.81205776418488e-08, 5.247081141511707e-07, 8.786427420985571e-08, 1.0481920587948964e-07, 8.868889657827523e-08, 8.97699561598452e-08, 8.765124551051525e-08, 8.650114853967764e-08, 8.733983235216775e-08, 8.44427483346775e-08, 8.772088338966627e-08, 6.245150205730342e-08, 1.9856471406876385e-07, 8.782918710478777e-08, 8.733983235216211e-08, 8.733983235216737e-08, 8.35204837092817e-08, 1.5257095117316742e-06, 8.735603018703968e-08, 1.3680827004736024e-06, 8.771105407445021e-08, 8.317682403297448e-08, 8.466101146464889e-08, 7.654883619418737e-08, 8.525136755041287e-08, 8.346972401532638e-08, 1.5836338468307468e-06, 8.89839557870117e-08]"
hMpxV/Brazil/RJ-UG_UFRJ_0542/2024|EPI_ISL_19434488|2024-02-08,"[0.0, 0.0, 1.0, 0.0, 0.0, 0.0, 0.0, 0.0, 0.0, 0.0, 0.0, 0.0, 0.0, 0.0, 0.0, 0.0, 0.0, 0.0, 0.0, 0.0, 0.0, 0.0, 0.0, 0.0, 0.0, 0.0, 0.0, 0.0, 0.0, 0.0, 0.0]"
hMpxV/Brazil/RJ-FIOCRUZ-10485/2024|EPI_ISL_19416149|2024-04-07,"[0.0, 0.0, 1.0, 0.0, 0.0, 0.0, 0.0, 0.0, 0.0, 0.0, 0.0, 0.0, 0.0, 0.0, 0.0, 0.0, 0.0, 0.0, 0.0, 0.0, 0.0, 0.0, 0.0, 0.0, 0.0, 0.0, 0.0, 0.0, 0.0, 0.0, 0.0]"
NODE_0000426,"[4.193338367935268e-09, 7.920668131627601e-10, 0.9999999150768295, 8.014795328999316e-10, 5.661090861954515e-09, 7.966206637968157e-10, 9.759636887783213e-10, 8.003216671836052e-10, 8.050811345790172e-10, 7.942899324646665e-10, 7.882910240481299e-10, 7.964974560013322e-10, 7.625732300938172e-10, 7.823115886494022e-10, 5.482963176251702e-10, 1.9437740350103295e-09, 7.737019824852365e-10, 7.964974560012762e-10, 7.964974560013548e-10, 7.507820655676066e-10, 1.9990028282565928e-08, 7.872066674886978e-10, 1.7283386997458545e-08, 7.988998887366527e-10, 6.910993628697602e-10, 7.694662938719792e-10, 6.837355706953062e-10, 7.769006245113003e-10, 7.557751980980456e-10, 1.7225229514580874e-08, 8.019667289902852e-10]"
hMpxV/Brazil/RJ-FIOCRUZ-331/2024|EPI_ISL_19408591|2024-01-12,"[0.0, 0.0, 0.9999999999999999, 0.0, 0.0, 0.0, 0.0, 0.0, 0.0, 0.0, 0.0, 0.0, 0.0, 0.0, 0.0, 0.0, 0.0, 0.0, 0.0, 0.0, 0.0, 0.0, 0.0, 0.0, 0.0, 0.0, 0.0, 0.0, 0.0, 0.0, 0.0]"
hMpxV/Brazil/RJ-FIOCRUZ-14479/2023|EPI_ISL_19012435|2023-12-18,"[0.0, 0.0, 1.0, 0.0, 0.0, 0.0, 0.0, 0.0, 0.0, 0.0, 0.0, 0.0, 0.0, 0.0, 0.0, 0.0, 0.0, 0.0, 0.0, 0.0, 0.0, 0.0, 0.0, 0.0, 0.0, 0.0, 0.0, 0.0, 0.0, 0.0, 0.0]"
NODE_0000427,"[6.727827300138046e-08, 2.2004322970963964e-10, 0.9999998786952027, 2.1890501594071321e-10, 2.5542116330187858e-09, 2.2010431518866367e-10, 2.8341395166116124e-10, 2.2344607469907208e-10, 2.2546889354523328e-10, 2.196542984613871e-10, 2.207495365357404e-10, 2.199401176557585e-10, 2.0117267323191337e-10, 2.1767315964272216e-10, 1.787054773341867e-10, 6.987988513782204e-10, 2.1383909175123254e-10, 2.1994011765574045e-10, 2.1994011765575707e-10, 2.018330457932262e-10, 2.0251688871557044e-08, 2.0684278234432564e-10, 1.0250557452410681e-08, 2.197616154808369e-10, 2.518390760771063e-10, 2.146824176659897e-10, 1.7305623433449727e-10, 2.1853049083755075e-10, 2.0161212004190636e-10, 1.5057118950295407e-08, 2.2299468143260898e-10]"
hMpxV/Brazil/RJ-UG_UFRJ_0545/2024|EPI_ISL_19434490|2024-03-28,"[0.0, 0.0, 1.0, 0.0, 0.0, 0.0, 0.0, 0.0, 0.0, 0.0, 0.0, 0.0, 0.0, 0.0, 0.0, 0.0, 0.0, 0.0, 0.0, 0.0, 0.0, 0.0, 0.0, 0.0, 0.0, 0.0, 0.0, 0.0, 0.0, 0.0, 0.0]"
hMpxV/Brazil/SP-IAL-357523319/2024|EPI_ISL_19359683|2024-02-26,"[0.0, 0.0, 1.0, 0.0, 0.0, 0.0, 0.0, 0.0, 0.0, 0.0, 0.0, 0.0, 0.0, 0.0, 0.0, 0.0, 0.0, 0.0, 0.0, 0.0, 0.0, 0.0, 0.0, 0.0, 0.0, 0.0, 0.0, 0.0, 0.0, 0.0, 0.0]"
hMpxV/Brazil/RJ-FIOCRUZ-09214/2024|EPI_ISL_19416144|2024-03-25,"[0.0, 0.0, 0.9999999999999999, 0.0, 0.0, 0.0, 0.0, 0.0, 0.0, 0.0, 0.0, 0.0, 0.0, 0.0, 0.0, 0.0, 0.0, 0.0, 0.0, 0.0, 0.0, 0.0, 0.0, 0.0, 0.0, 0.0, 0.0, 0.0, 0.0, 0.0, 0.0]"
NODE_0000428,"[0.9999873805607483, 8.752124495431089e-08, 9.349981550922912e-06, 8.89061666688688e-08, 1.3356641916020205e-07, 8.81357975950709e-08, 9.177977440523554e-08, 8.873892947693752e-08, 8.974653911357499e-08, 8.783922188821892e-08, 8.649885672915236e-08, 8.784732290357734e-08, 8.441433786004108e-08, 8.683912959795897e-08, 1.2779644335589514e-07, 8.543782619337195e-08, 8.650999535902404e-08, 8.784732290359321e-08, 8.784732290361748e-08, 8.257885196159735e-08, 1.8188058418148969e-07, 8.818856459681997e-08, 1.233694871375473e-07, 8.838432625949865e-08, 1.786374523367529e-07, 8.412723255246345e-08, 7.507582336594686e-08, 8.486185068289825e-08, 8.324002524972422e-08, 5.326616183196088e-07, 8.917923333593344e-08]"
hMpxV/Australia/VIC-VIDRL-1795/2024|EPI_ISL_19459732|2024-05-22,"[1.0, 0.0, 0.0, 0.0, 0.0, 0.0, 0.0, 0.0, 0.0, 0.0, 0.0, 0.0, 0.0, 0.0, 0.0, 0.0, 0.0, 0.0, 0.0, 0.0, 0.0, 0.0, 0.0, 0.0, 0.0, 0.0, 0.0, 0.0, 0.0, 0.0, 0.0]"
hMpxV/Australia/VIC-VIDRL-40804/2024|EPI_ISL_19459740|2024-05-30,"[0.9999999999999999, 0.0, 0.0, 0.0, 0.0, 0.0, 0.0, 0.0, 0.0, 0.0, 0.0, 0.0, 0.0, 0.0, 0.0, 0.0, 0.0, 0.0, 0.0, 0.0, 0.0, 0.0, 0.0, 0.0, 0.0, 0.0, 0.0, 0.0, 0.0, 0.0, 0.0]"
NODE_0000429,"[1.1149042137918884e-06, 1.232814984473082e-07, 0.9991718764467813, 1.2195675860172247e-07, 7.867693070900778e-07, 1.2312711441282343e-07, 1.4665662682796717e-07, 1.2458681695351489e-07, 1.2574272119790171e-07, 1.226268283603813e-07, 1.22829689951019e-07, 1.2237185447618697e-07, 1.1447610953566887e-07, 1.2318383658269203e-07, 1.232958968791508e-07, 6.567912377880305e-07, 2.392619326114632e-07, 1.223718544761857e-07, 1.2237185447618568e-07, 1.1528947606494695e-07, 1.9390726691659307e-05, 1.173533725156964e-07, 3.861090607084276e-06, 1.2221684135515329e-07, 1.4089628813998226e-07, 1.7612251619968642e-07, 1.0112273205256166e-07, 1.7463779103829615e-07, 1.1427638254728112e-07, 0.0007991488955440273, 1.2431882355658414e-07]"
NODE_0000430,"[4.6428029869717505e-09, 9.07733818769552e-10, 0.9999998890302654, 9.164369485153095e-10, 6.109423891265654e-09, 9.120797525752756e-10, 1.1072437433679032e-09, 9.173460355795445e-10, 9.244660023322035e-10, 9.092921517953701e-10, 9.010842062291877e-10, 9.101293729438153e-10, 8.737841665124288e-10, 9.00198905083149e-10, 6.401218347772799e-10, 2.2161188787765262e-09, 9.112447774038162e-10, 9.101293729432316e-10, 9.101293729434657e-10, 8.617675554851267e-10, 2.1814762048863237e-08, 9.024904477191511e-10, 1.7900125286940727e-08, 9.131758424219785e-10, 8.157674990308646e-10, 8.89164380088976e-10, 7.86228605339148e-10, 8.964849502088524e-10, 8.654335131849155e-10, 3.6885019900592315e-08, 9.195483149142519e-10]"
hMpxV/Brazil/RJ-FIOCRUZ-10504/2024|EPI_ISL_19416157|2024-05-15,"[0.0, 0.0, 1.0, 0.0, 0.0, 0.0, 0.0, 0.0, 0.0, 0.0, 0.0, 0.0, 0.0, 0.0, 0.0, 0.0, 0.0, 0.0, 0.0, 0.0, 0.0, 0.0, 0.0, 0.0, 0.0, 0.0, 0.0, 0.0, 0.0, 0.0, 0.0]"
hMpxV/Brazil/RJ-FIOCRUZ-10507/2024|EPI_ISL_19416159|2024-05-22,"[0.0, 0.0, 1.0, 0.0, 0.0, 0.0, 0.0, 0.0, 0.0, 0.0, 0.0, 0.0, 0.0, 0.0, 0.0, 0.0, 0.0, 0.0, 0.0, 0.0, 0.0, 0.0, 0.0, 0.0, 0.0, 0.0, 0.0, 0.0, 0.0, 0.0, 0.0]"
NODE_0000432,"[2.6800663479989197e-09, 4.488291876867345e-10, 0.9999995368982583, 4.5189158539173336e-10, 3.150695418739088e-09, 4.503957483914733e-10, 5.483344982206033e-10, 4.5246570507119573e-10, 4.5515468252100775e-10, 4.486820892206717e-10, 4.461192428613656e-10, 4.4981563721859285e-10, 4.2910159159136165e-10, 4.432276265130455e-10, 3.3788958354472344e-10, 1.3384200894652186e-09, 5.196533391403971e-10, 4.4981563721830923e-10, 4.49815637218416e-10, 4.241924891445433e-10, 2.7790171941837958e-08, 4.424394573770699e-10, 1.1124593335387332e-08, 4.5084599613568496e-10, 4.105524890240402e-10, 4.75298312055942e-10, 3.840711818605644e-10, 4.775935294620863e-10, 4.2583638964300487e-10, 4.062926974606097e-07, 4.5307530981939343e-10]"
hMpxV/Brazil/RJ-FIOCRUZ-3526/2024|EPI_ISL_19205399|2024-04-03,"[0.0, 0.0, 0.9999999999999999, 0.0, 0.0, 0.0, 0.0, 0.0, 0.0, 0.0, 0.0, 0.0, 0.0, 0.0, 0.0, 0.0, 0.0, 0.0, 0.0, 0.0, 0.0, 0.0, 0.0, 0.0, 0.0, 0.0, 0.0, 0.0, 0.0, 0.0, 0.0]"
hMpxV/Brazil/RJ-FIOCRUZ-3528/2024|EPI_ISL_19205401|2024-04-24,"[0.0, 0.0, 1.0, 0.0, 0.0, 0.0, 0.0, 0.0, 0.0, 0.0, 0.0, 0.0, 0.0, 0.0, 0.0, 0.0, 0.0, 0.0, 0.0, 0.0, 0.0, 0.0, 0.0, 0.0, 0.0, 0.0, 0.0, 0.0, 0.0, 0.0, 0.0]"
NODE_0000431,"[8.905296217187117e-08, 6.63908610214499e-09, 6.700758042829541e-05, 6.4295477527936264e-09, 1.85140107985722e-08, 6.597356940991416e-09, 7.108316303582217e-09, 6.570852998414251e-09, 6.590962847583993e-09, 6.48692413896414e-09, 6.593198738525071e-09, 6.508475525109731e-09, 6.029872011978109e-09, 6.570422181825857e-09, 1.2506715942287942e-08, 9.232821907918135e-08, 3.9112080227547605e-08, 6.508475525110789e-09, 6.508475525110448e-09, 6.139406010800066e-09, 6.7264730665977954e-06, 6.136587557926198e-09, 1.3871930217123694e-07, 6.481022727265633e-09, 1.018567368099621e-08, 1.8049705172080598e-08, 5.428574295483279e-09, 1.7286756083555098e-08, 6.078839747468023e-09, 0.999925708245386, 6.539296901777916e-09]"
hMpxV/USA/CA-LACPHL-MA00622/2024|EPI_ISL_19139151|2024-04-11,"[0.0, 0.0, 0.0, 0.0, 0.0, 0.0, 0.0, 0.0, 0.0, 0.0, 0.0, 0.0, 0.0, 0.0, 0.0, 0.0, 0.0, 0.0, 0.0, 0.0, 0.0, 0.0, 0.0, 0.0, 0.0, 0.0, 0.0, 0.0, 0.0, 1.0, 0.0]"
hMpxV/USA/CA-LACPHL-MA00626/2024|EPI_ISL_19196359|2024-05-17,"[0.0, 0.0, 0.0, 0.0, 0.0, 0.0, 0.0, 0.0, 0.0, 0.0, 0.0, 0.0, 0.0, 0.0, 0.0, 0.0, 0.0, 0.0, 0.0, 0.0, 0.0, 0.0, 0.0, 0.0, 0.0, 0.0, 0.0, 0.0, 0.0, 1.0, 0.0]"
hMpxV/USA/CA-LACPHL-MA00650/2024|EPI_ISL_19319388|2024-07-10,"[0.0, 0.0, 0.0, 0.0, 0.0, 0.0, 0.0, 0.0, 0.0, 0.0, 0.0, 0.0, 0.0, 0.0, 0.0, 0.0, 0.0, 0.0, 0.0, 0.0, 0.0, 0.0, 0.0, 0.0, 0.0, 0.0, 0.0, 0.0, 0.0, 1.0, 0.0]"
NODE_0000435,"[0.00021109077143136303, 0.0003865189267555404, 0.0013365317557783724, 0.00021114869510872568, 0.0008816240510931263, 0.00026897440498311074, 0.0003012796347224965, 0.00037372380471254455, 0.00046383192810582727, 0.0002918635462922086, 0.0002567228679503214, 0.00020683878766198418, 0.00020388974620700833, 0.0006619064058258112, 0.0002653286805465138, 0.0009698643713666945, 0.0004896356228354809, 0.00020683878766196865, 0.000206838787661978, 0.6907307233389496, 0.2536294900686891, 0.00021462070414958361, 0.04315456429667157, 0.00021106027637279564, 0.0011062552579685003, 0.00019604027976618082, 0.0001892598446116781, 0.00019750937898106475, 0.0001995826725809684, 0.0015978927094518636, 0.0003785495951061133]"
NODE_0000447,"[1.3990588868968768e-07, 2.2157666321024043e-07, 1.7841545893078955e-06, 1.9335795360071724e-07, 2.9880783664343243e-07, 2.0181516884990398e-07, 2.054798650828786e-07, 7.026785793162441e-07, 1.0974848931906157e-06, 4.120028567816218e-07, 3.1932968832088554e-07, 1.8951069092792832e-07, 1.858578886690716e-07, 1.190869522136861e-06, 2.524972453190836e-07, 2.9208068128448156e-07, 1.1503076645938244e-06, 1.8951069092789878e-07, 1.8951069092774767e-07, 2.68218524013623e-05, 1.0566445790301754e-05, 1.9591652105259628e-07, 0.9999424221546278, 1.9252859144542097e-07, 8.054158935573837e-06, 1.794073353748887e-07, 1.689799085810524e-07, 1.807179426944998e-07, 1.820107974937156e-07, 1.1095915306647092e-06, 7.094965598207378e-07]"
hMpxV/Portugal/INSA-PT0615/2022|EPI_ISL_18544967|2022-12-26,"[0.0, 0.0, 0.0, 0.0, 0.0, 0.0, 0.0, 0.0, 0.0, 0.0, 0.0, 0.0, 0.0, 0.0, 0.0, 0.0, 0.0, 0.0, 0.0, 0.0, 0.0, 0.0, 1.0, 0.0, 0.0, 0.0, 0.0, 0.0, 0.0, 0.0, 0.0]"
hMpxV/Portugal/INSA-PT0618/2023|EPI_ISL_18544281|2023-01-12,"[0.0, 0.0, 0.0, 0.0, 0.0, 0.0, 0.0, 0.0, 0.0, 0.0, 0.0, 0.0, 0.0, 0.0, 0.0, 0.0, 0.0, 0.0, 0.0, 0.0, 0.0, 0.0, 1.0, 0.0, 0.0, 0.0, 0.0, 0.0, 0.0, 0.0, 0.0]"
NODE_0000436,"[5.604302244920532e-13, 2.13096747450697e-12, 2.0804768292175833e-12, 1.216445912032498e-12, 4.280743383799032e-12, 1.517241774793468e-12, 1.6958646500244542e-12, 1.865687106166565e-12, 2.2296237502259775e-12, 1.5200856213484436e-12, 1.3795426540103585e-12, 1.1957902921492604e-12, 1.0702233789886312e-12, 2.9570682156114155e-12, 8.206667610083656e-13, 3.692000776739101e-12, 2.130776776140454e-12, 1.1957902921490235e-12, 1.1957902921493573e-12, 0.9999999979430935, 1.7466397138900725e-09, 1.1649734458837174e-12, 2.6258605080978087e-10, 1.2138303949670431e-12, 3.4440174677379866e-12, 1.0890322162852301e-12, 8.176655816369203e-13, 1.1188982785159385e-12, 1.0423549769979384e-12, 1.1732501093903075e-12, 1.8812269859955082e-12]"
hMpxV/Paraguay/601896/2023|EPI_ISL_17988355|2023-02-15,"[0.0, 0.0, 0.0, 0.0, 0.0, 0.0, 0.0, 0.0, 0.0, 0.0, 0.0, 0.0, 0.0, 0.0, 0.0, 0.0, 0.0, 0.0, 0.0, 1.0, 0.0, 0.0, 0.0, 0.0, 0.0, 0.0, 0.0, 0.0, 0.0, 0.0, 0.0]"
hMpxV/Paraguay/742315/2022|EPI_ISL_17988367|2022-11-26,"[0.0, 0.0, 0.0, 0.0, 0.0, 0.0, 0.0, 0.0, 0.0, 0.0, 0.0, 0.0, 0.0, 0.0, 0.0, 0.0, 0.0, 0.0, 0.0, 0.9999999999999999, 0.0, 0.0, 0.0, 0.0, 0.0, 0.0, 0.0, 0.0, 0.0, 0.0, 0.0]"
NODE_0000446,"[2.3300424282771963e-07, 4.114974783584514e-07, 1.6457395875436842e-07, 4.290477659118276e-07, 3.4756096028424886e-07, 4.179431669713522e-07, 4.1029315736018246e-07, 4.1870812586532753e-07, 4.2488495316021014e-07, 4.1566792688840665e-07, 4.0169790661767133e-07, 4.16994916796134e-07, 4.0523001797691337e-07, 4.0411244668170775e-07, 2.3389270135651467e-07, 2.5044659402891384e-07, 4.019380508591311e-07, 4.1699491679609596e-07, 4.169949167961424e-07, 0.9999890816283874, 2.2945550765802255e-07, 4.373402142189631e-07, 4.295178241835857e-07, 4.22611999289497e-07, 3.376303539231962e-07, 3.8448498075140867e-07, 3.4769058347664287e-07, 3.873816213282698e-07, 3.928248532679508e-07, 1.0428770629857176e-07, 4.236617639787486e-07]"
hMpxV/Paraguay/595736/2023|EPI_ISL_17988354|2023-02-07,"[0.0, 0.0, 0.0, 0.0, 0.0, 0.0, 0.0, 0.0, 0.0, 0.0, 0.0, 0.0, 0.0, 0.0, 0.0, 0.0, 0.0, 0.0, 0.0, 1.0, 0.0, 0.0, 0.0, 0.0, 0.0, 0.0, 0.0, 0.0, 0.0, 0.0, 0.0]"
hMpxV/Paraguay/585623/2023|EPI_ISL_17988349|2023-01-23,"[0.0, 0.0, 0.0, 0.0, 0.0, 0.0, 0.0, 0.0, 0.0, 0.0, 0.0, 0.0, 0.0, 0.0, 0.0, 0.0, 0.0, 0.0, 0.0, 1.0, 0.0, 0.0, 0.0, 0.0, 0.0, 0.0, 0.0, 0.0, 0.0, 0.0, 0.0]"
NODE_0000444,"[5.002188281238018e-10, 1.0830660558314013e-09, 3.3131926888162245e-10, 1.1322117457266484e-09, 8.902401652090111e-10, 1.1015484773763167e-09, 1.0831052851149169e-09, 1.1062592775350512e-09, 1.1222296785907094e-09, 1.0951759440200316e-09, 1.0604343491593361e-09, 1.1019155392794157e-09, 1.0422489154977702e-09, 1.0544409826129274e-09, 5.360490709721082e-10, 6.013552755673671e-10, 1.0358659069514383e-09, 1.1019155392792563e-09, 1.1019155392793985e-09, 0.9999999716629361, 7.180253583376149e-10, 1.1343199155938563e-09, 1.2992890870691736e-09, 1.1158519849056883e-09, 8.187073102222941e-10, 1.0054233981222176e-09, 8.486431096252233e-10, 1.0188312450525309e-09, 1.009239568614423e-09, 1.6918553198231278e-10, 1.1180314428573735e-09]"
hMpxV/Paraguay/593520/2023|EPI_ISL_17988352|2023-02-02,"[0.0, 0.0, 0.0, 0.0, 0.0, 0.0, 0.0, 0.0, 0.0, 0.0, 0.0, 0.0, 0.0, 0.0, 0.0, 0.0, 0.0, 0.0, 0.0, 1.0, 0.0, 0.0, 0.0, 0.0, 0.0, 0.0, 0.0, 0.0, 0.0, 0.0, 0.0]"
hMpxV/Paraguay/607376/2023|EPI_ISL_17988357|2023-02-18,"[0.0, 0.0, 0.0, 0.0, 0.0, 0.0, 0.0, 0.0, 0.0, 0.0, 0.0, 0.0, 0.0, 0.0, 0.0, 0.0, 0.0, 0.0, 0.0, 1.0, 0.0, 0.0, 0.0, 0.0, 0.0, 0.0, 0.0, 0.0, 0.0, 0.0, 0.0]"
NODE_0000445,"[1.1191645491678702e-08, 2.0216382371116683e-08, 7.813821465657707e-09, 2.1091070245508873e-08, 1.7015478809003184e-08, 2.0544394074523926e-08, 2.0168225510065124e-08, 2.0577304750803735e-08, 2.0879569477800384e-08, 2.042417366859257e-08, 1.975118983502282e-08, 2.0501467036451083e-08, 1.9853984888631604e-08, 1.9821349421858213e-08, 1.1264156433798002e-08, 1.2159625511539638e-08, 1.9705916233658976e-08, 2.0501467036448443e-08, 2.0501467036449673e-08, 0.9999994641908801, 1.1789689529540718e-08, 2.145595611637846e-08, 2.1690820728569557e-08, 2.0779046618524563e-08, 1.6354165836700596e-08, 1.888921296210032e-08, 1.6950438043916094e-08, 1.904658049991274e-08, 1.9257897341694285e-08, 4.791471115823633e-09, 2.0821151900527525e-08]"
hMpxV/Paraguay/595642/2023|EPI_ISL_17988353|2023-02-07,"[0.0, 0.0, 0.0, 0.0, 0.0, 0.0, 0.0, 0.0, 0.0, 0.0, 0.0, 0.0, 0.0, 0.0, 0.0, 0.0, 0.0, 0.0, 0.0, 0.9999999999999999, 0.0, 0.0, 0.0, 0.0, 0.0, 0.0, 0.0, 0.0, 0.0, 0.0, 0.0]"
hMpxV/Paraguay/747046/2023|EPI_ISL_17988377|2023-01-02,"[0.0, 0.0, 0.0, 0.0, 0.0, 0.0, 0.0, 0.0, 0.0, 0.0, 0.0, 0.0, 0.0, 0.0, 0.0, 0.0, 0.0, 0.0, 0.0, 1.0, 0.0, 0.0, 0.0, 0.0, 0.0, 0.0, 0.0, 0.0, 0.0, 0.0, 0.0]"
NODE_0000437,"[6.838021935562686e-12, 1.5558147002650237e-11, 4.410884032471401e-12, 1.6285694418375315e-11, 1.2691928560889754e-11, 1.584401834974491e-11, 1.55778093046443e-11, 1.5901916652667736e-11, 1.6129410425839755e-11, 1.5736698429164733e-11, 1.5261962006336303e-11, 1.585466372526403e-11, 1.4881828047448695e-11, 1.5091647626542663e-11, 7.36471251655698e-12, 8.41804769594657e-12, 1.481539965709405e-11, 1.5854663725262192e-11, 1.5854663725263992e-11, 0.9999999995929234, 1.144784749247446e-11, 1.624555709367255e-11, 1.9869167571533112e-11, 1.605818536115338e-11, 1.139227482734025e-11, 1.4445477158652917e-11, 1.1988449517795103e-11, 1.4663822362245658e-11, 1.4432312703212402e-11, 2.08904117669477e-12, 1.6072404056983526e-11]"
NODE_0000442,"[1.047164374133838e-08, 1.8898006616188487e-08, 7.3136011347601605e-09, 1.9715256781621738e-08, 1.590833928516173e-08, 1.9204355745051823e-08, 1.8852620705763103e-08, 1.923502689934548e-08, 1.9517627709550292e-08, 1.9092112929127667e-08, 1.8462706052032903e-08, 1.9163977001310203e-08, 1.8561470946006075e-08, 1.8529796594409833e-08, 1.0537428528905494e-08, 1.1372294897923658e-08, 1.8422813272627248e-08, 1.916397700130834e-08, 1.9163977001310044e-08, 0.9999994991048343, 1.1005821479951647e-08, 2.0058171723073604e-08, 2.0256490123535352e-08, 1.9423480296652364e-08, 1.5295346939340374e-08, 1.7657791958747644e-08, 1.5850758427072946e-08, 1.780432530138651e-08, 1.8004088774483872e-08, 4.488817382962948e-09, 1.9463040395690346e-08]"
hMpxV/Paraguay/591628/2023|EPI_ISL_17988351|2023-01-31,"[0.0, 0.0, 0.0, 0.0, 0.0, 0.0, 0.0, 0.0, 0.0, 0.0, 0.0, 0.0, 0.0, 0.0, 0.0, 0.0, 0.0, 0.0, 0.0, 1.0, 0.0, 0.0, 0.0, 0.0, 0.0, 0.0, 0.0, 0.0, 0.0, 0.0, 0.0]"
hMpxV/Paraguay/745948/2022|EPI_ISL_17988370|2022-12-21,"[0.0, 0.0, 0.0, 0.0, 0.0, 0.0, 0.0, 0.0, 0.0, 0.0, 0.0, 0.0, 0.0, 0.0, 0.0, 0.0, 0.0, 0.0, 0.0, 1.0, 0.0, 0.0, 0.0, 0.0, 0.0, 0.0, 0.0, 0.0, 0.0, 0.0, 0.0]"
NODE_0000443,"[1.2663076237568093e-11, 2.7490292440778742e-11, 8.346980872443337e-12, 2.8745731207036262e-11, 2.2579131025814475e-11, 2.7968623426863707e-11, 2.7496767029518393e-11, 2.807779619371082e-11, 2.8482158739533686e-11, 2.7798964548982357e-11, 2.6926980502788144e-11, 2.7976629546776265e-11, 2.6446408756893e-11, 2.6747519817020916e-11, 1.3536123529198895e-11, 1.522648735808003e-11, 2.629171926121792e-11, 2.797662954677181e-11, 2.7976629546776775e-11, 0.9999999992803841, 1.8591800068929703e-11, 2.8793604958097985e-11, 3.330514429943813e-11, 2.8333812907491634e-11, 2.0678538542536538e-11, 2.553220252406249e-11, 2.1537267172940408e-11, 2.587690549465474e-11, 2.5622812395215302e-11, 4.209373278478613e-12, 2.8379673524338202e-11]"
hMpxV/Paraguay/635677/2023|EPI_ISL_17988361|2023-03-27,"[0.0, 0.0, 0.0, 0.0, 0.0, 0.0, 0.0, 0.0, 0.0, 0.0, 0.0, 0.0, 0.0, 0.0, 0.0, 0.0, 0.0, 0.0, 0.0, 1.0, 0.0, 0.0, 0.0, 0.0, 0.0, 0.0, 0.0, 0.0, 0.0, 0.0, 0.0]"
hMpxV/Paraguay/746338/2022|EPI_ISL_17988372|2022-12-26,"[0.0, 0.0, 0.0, 0.0, 0.0, 0.0, 0.0, 0.0, 0.0, 0.0, 0.0, 0.0, 0.0, 0.0, 0.0, 0.0, 0.0, 0.0, 0.0, 0.9999999999999999, 0.0, 0.0, 0.0, 0.0, 0.0, 0.0, 0.0, 0.0, 0.0, 0.0, 0.0]"
hMpxV/Paraguay/747004/2023|EPI_ISL_17988374|2023-01-02,"[0.0, 0.0, 0.0, 0.0, 0.0, 0.0, 0.0, 0.0, 0.0, 0.0, 0.0, 0.0, 0.0, 0.0, 0.0, 0.0, 0.0, 0.0, 0.0, 1.0, 0.0, 0.0, 0.0, 0.0, 0.0, 0.0, 0.0, 0.0, 0.0, 0.0, 0.0]"
NODE_0000438,"[2.0713367197843744e-11, 4.449004394821247e-11, 1.373350461592671e-11, 4.650827574857227e-11, 3.6601165660735286e-11, 4.525117984010794e-11, 4.448859346270508e-11, 4.543458486918671e-11, 4.609019986815957e-11, 4.49867933034776e-11, 4.356008071014229e-11, 4.5261070720393287e-11, 4.28559437939673e-11, 4.3322612528090554e-11, 2.2119976398638195e-11, 2.4779981954371767e-11, 4.258937120964246e-11, 4.526107072038034e-11, 4.5261070720384795e-11, 0.9999999988353213, 2.940607612052266e-11, 4.6628777052470286e-11, 5.316888095650282e-11, 4.5836857981984215e-11, 3.369952841257046e-11, 4.131845328739456e-11, 3.4979863272943814e-11, 4.1860421297736994e-11, 4.150689851036402e-11, 7.042063210789685e-12, 4.5922066623742474e-11]"
hMpxV/Paraguay/617799/2023|EPI_ISL_17988359|2023-03-03,"[0.0, 0.0, 0.0, 0.0, 0.0, 0.0, 0.0, 0.0, 0.0, 0.0, 0.0, 0.0, 0.0, 0.0, 0.0, 0.0, 0.0, 0.0, 0.0, 1.0, 0.0, 0.0, 0.0, 0.0, 0.0, 0.0, 0.0, 0.0, 0.0, 0.0, 0.0]"
NODE_0000439,"[5.586255246844395e-08, 9.89319234768241e-08, 3.938700295461729e-08, 1.0316121510178004e-07, 8.351964678216424e-08, 1.0049091930481397e-07, 9.865035017216736e-08, 1.0066898107765086e-07, 1.02152859049153e-07, 9.993691235495182e-08, 9.658854493012796e-08, 1.0026486950109264e-07, 9.739279530004296e-08, 9.713301927596125e-08, 5.607959102935534e-08, 6.011621751217364e-08, 9.660992862464956e-08, 1.0026486950108651e-07, 1.0026486950109464e-07, 0.9999973753342937, 5.553507775121706e-08, 1.0512943256938029e-07, 1.0367341652304531e-07, 1.016173215543414e-07, 8.100516326842283e-08, 9.244137131207031e-08, 8.351853613150165e-08, 9.314746713097755e-08, 9.44221517432543e-08, 2.4837527772414495e-08, 1.0186117298029536e-07]"
hMpxV/Paraguay/590800/2023|EPI_ISL_17988350|2023-01-29,"[0.0, 0.0, 0.0, 0.0, 0.0, 0.0, 0.0, 0.0, 0.0, 0.0, 0.0, 0.0, 0.0, 0.0, 0.0, 0.0, 0.0, 0.0, 0.0, 0.9999999999999999, 0.0, 0.0, 0.0, 0.0, 0.0, 0.0, 0.0, 0.0, 0.0, 0.0, 0.0]"
hMpxV/Paraguay/613691/2023|EPI_ISL_17988358|2023-02-28,"[0.0, 0.0, 0.0, 0.0, 0.0, 0.0, 0.0, 0.0, 0.0, 0.0, 0.0, 0.0, 0.0, 0.0, 0.0, 0.0, 0.0, 0.0, 0.0, 0.9999999999999999, 0.0, 0.0, 0.0, 0.0, 0.0, 0.0, 0.0, 0.0, 0.0, 0.0, 0.0]"
NODE_0000440,"[8.438157087220414e-10, 1.5536718795637484e-09, 5.833812743294822e-10, 1.6216906188661234e-09, 1.3038785703376527e-09, 1.5796152179052296e-09, 1.5506810340535137e-09, 1.5818341620655736e-09, 1.604991317217964e-09, 1.5698197464230615e-09, 1.518974195771886e-09, 1.5765412290945095e-09, 1.5222937570342443e-09, 1.5212369917055968e-09, 8.5122269714636e-10, 9.252935940048665e-10, 1.5118395017094935e-09, 1.576541229094147e-09, 1.5765412290943213e-09, 0.9999999588554201, 9.41178205988012e-10, 1.6469919428141024e-09, 1.7061257527098094e-09, 1.5979807355764431e-09, 1.2419741194944706e-09, 1.451687324536421e-09, 1.2942193982049603e-09, 1.4647570946937957e-09, 1.4773588284570496e-09, 3.4783488946790355e-10, 1.6006076653257875e-09]"
hMpxV/Paraguay/744881/2022|EPI_ISL_17988369|2022-12-12,"[0.0, 0.0, 0.0, 0.0, 0.0, 0.0, 0.0, 0.0, 0.0, 0.0, 0.0, 0.0, 0.0, 0.0, 0.0, 0.0, 0.0, 0.0, 0.0, 1.0, 0.0, 0.0, 0.0, 0.0, 0.0, 0.0, 0.0, 0.0, 0.0, 0.0, 0.0]"
NODE_0000441,"[5.948809615348267e-10, 1.0926367916100552e-09, 4.1180775197285797e-10, 1.1403959011786387e-09, 9.173222712444527e-10, 1.1108125390269218e-09, 1.0904673233680868e-09, 1.1124034296999576e-09, 1.1286965006811745e-09, 1.1039751621743777e-09, 1.0681368699907802e-09, 1.1086292594249905e-09, 1.0708880889392848e-09, 1.0700195876624559e-09, 5.999440894225051e-10, 6.515686951237732e-10, 1.0634567144471846e-09, 1.1086292594248422e-09, 1.108629259425008e-09, 0.9999999710618467, 6.586111713371638e-10, 1.1584388571339814e-09, 1.1962058178257958e-09, 1.1236963056913465e-09, 8.74803971712516e-10, 1.0209119631426202e-09, 9.10930605427105e-10, 1.0300142317789124e-09, 1.0392056015252154e-09, 2.464319721750872e-10, 1.1256023576304624e-09]"
hMpxV/Paraguay/747006/2023|EPI_ISL_17988376|2023-01-02,"[0.0, 0.0, 0.0, 0.0, 0.0, 0.0, 0.0, 0.0, 0.0, 0.0, 0.0, 0.0, 0.0, 0.0, 0.0, 0.0, 0.0, 0.0, 0.0, 1.0, 0.0, 0.0, 0.0, 0.0, 0.0, 0.0, 0.0, 0.0, 0.0, 0.0, 0.0]"
hMpxV/Paraguay/747536/2023|EPI_ISL_17988378|2023-01-09,"[0.0, 0.0, 0.0, 0.0, 0.0, 0.0, 0.0, 0.0, 0.0, 0.0, 0.0, 0.0, 0.0, 0.0, 0.0, 0.0, 0.0, 0.0, 0.0, 0.9999999999999999, 0.0, 0.0, 0.0, 0.0, 0.0, 0.0, 0.0, 0.0, 0.0, 0.0, 0.0]"
NODE_0000335,"[2.822271327929727e-13, 6.633146922759499e-14, 1.1849468048682205e-09, 3.312317489952142e-14, 4.559342866554174e-13, 2.157818915992953e-11, 5.5807718850856277e-14, 3.4463994790992224e-14, 3.42885544444996e-14, 3.360852840944481e-14, 3.5098488494673195e-14, 3.423320111543881e-14, 2.7617279955634296e-14, 4.841519711729482e-14, 5.629737786282924e-14, 0.9997341748673741, 1.9698660326405907e-13, 3.4233201115412913e-14, 3.4233201115491875e-14, 4.187385675035822e-14, 0.000256432818195821, 2.844274130132902e-14, 7.587791683835309e-13, 3.3735555819752524e-14, 3.646825807158621e-14, 9.396734813798062e-14, 2.021990551528781e-14, 9.259844669153105e-14, 2.8129895558040797e-14, 9.391105274106537e-06, 3.3899587927148984e-14]"
hMpxV/USA/CA-LACPHL-MA00405/2023|EPI_ISL_16997468|2023-01-10,"[0.0, 0.0, 0.0, 0.0, 0.0, 0.0, 0.0, 0.0, 0.0, 0.0, 0.0, 0.0, 0.0, 0.0, 0.0, 0.0, 0.0, 0.0, 0.0, 0.0, 0.0, 0.0, 0.0, 0.0, 0.0, 0.0, 0.0, 0.0, 0.0, 1.0, 0.0]"
hMpxV/Mexico/YUC_InDRE_F5465/2022|EPI_ISL_17703578|2022-11-22,"[0.0, 0.0, 0.0, 0.0, 0.0, 0.0, 0.0, 0.0, 0.0, 0.0, 0.0, 0.0, 0.0, 0.0, 0.0, 1.0, 0.0, 0.0, 0.0, 0.0, 0.0, 0.0, 0.0, 0.0, 0.0, 0.0, 0.0, 0.0, 0.0, 0.0, 0.0]"
hMpxV/Dominican_Republic/LNSPDD-6/2023|EPI_ISL_17960864|2023-01-19,"[0.0, 0.0, 0.0, 0.0, 0.0, 1.0, 0.0, 0.0, 0.0, 0.0, 0.0, 0.0, 0.0, 0.0, 0.0, 0.0, 0.0, 0.0, 0.0, 0.0, 0.0, 0.0, 0.0, 0.0, 0.0, 0.0, 0.0, 0.0, 0.0, 0.0, 0.0]"
NODE_0000342,"[1.1699160778375278e-07, 1.7798704243760876e-07, 2.7151176135528004e-07, 1.8100408413229316e-07, 1.649002784491341e-07, 8.866631353345512e-07, 1.7654996293165704e-07, 1.774299122158078e-07, 1.7933258430176585e-07, 1.7659360562572282e-07, 1.719796855256385e-07, 1.770723186418864e-07, 1.7372056474208613e-07, 1.7416228234155305e-07, 1.1503406815075685e-07, 0.9999827879280176, 1.7371163573090877e-07, 1.770723186418756e-07, 1.7707231864190224e-07, 1.6804702203492115e-07, 1.0946805991686702e-05, 1.8395809283355695e-07, 9.806650454675937e-08, 1.7891125760634744e-07, 1.5100744854851022e-07, 1.6704191251265117e-07, 1.5534217618898853e-07, 1.6788013876263492e-07, 1.6968148282394524e-07, 7.974829138336359e-07, 1.7905787423136634e-07]"
hMpxV/Mexico/NLE_InDRE_F250/2023|EPI_ISL_17703595|2023-02-03,"[0.0, 0.0, 0.0, 0.0, 0.0, 0.0, 0.0, 0.0, 0.0, 0.0, 0.0, 0.0, 0.0, 0.0, 0.0, 1.0, 0.0, 0.0, 0.0, 0.0, 0.0, 0.0, 0.0, 0.0, 0.0, 0.0, 0.0, 0.0, 0.0, 0.0, 0.0]"
hMpxV/Mexico/NLE_InDRE_F251/2023|EPI_ISL_17703596|2023-02-01,"[0.0, 0.0, 0.0, 0.0, 0.0, 0.0, 0.0, 0.0, 0.0, 0.0, 0.0, 0.0, 0.0, 0.0, 0.0, 1.0, 0.0, 0.0, 0.0, 0.0, 0.0, 0.0, 0.0, 0.0, 0.0, 0.0, 0.0, 0.0, 0.0, 0.0, 0.0]"
NODE_0000346,"[8.489193699031012e-09, 2.0291289770564087e-09, 2.7313820149301072e-08, 2.040138513957687e-09, 2.4457135260953287e-09, 3.518824624730125e-09, 2.0411036079882406e-09, 2.0392669310773146e-09, 2.0426040645856125e-09, 2.027350411106676e-09, 2.0281351622448598e-09, 2.0395796044382905e-09, 1.9341450789052418e-09, 1.9895337296545567e-09, 3.2161875998573145e-09, 2.262724005102938e-06, 8.245705989128165e-09, 2.039579604440626e-09, 2.0395796044397807e-09, 1.91665732588396e-09, 5.249631778570791e-07, 1.997117031649308e-09, 7.773109629708938e-09, 2.0405050253402236e-09, 2.7710163045785223e-09, 4.461062500486812e-09, 1.7329628722300015e-09, 4.30959751873773e-09, 1.92644991714813e-09, 0.9999971038259922, 2.038756010380912e-09]"
hMpxV/USA/CA-CDPH-1M1000241/2022|EPI_ISL_18458960|2022-12-14,"[0.0, 0.0, 0.0, 0.0, 0.0, 0.0, 0.0, 0.0, 0.0, 0.0, 0.0, 0.0, 0.0, 0.0, 0.0, 0.0, 0.0, 0.0, 0.0, 0.0, 0.0, 0.0, 0.0, 0.0, 0.0, 0.0, 0.0, 0.0, 0.0, 1.0, 0.0]"
hMpxV/USA/CA-CDPH-1M1000240/2022|EPI_ISL_18458959|2022-12-14,"[0.0, 0.0, 0.0, 0.0, 0.0, 0.0, 0.0, 0.0, 0.0, 0.0, 0.0, 0.0, 0.0, 0.0, 0.0, 0.0, 0.0, 0.0, 0.0, 0.0, 0.0, 0.0, 0.0, 0.0, 0.0, 0.0, 0.0, 0.0, 0.0, 1.0, 0.0]"
NODE_0000339,"[1.3418872790367247e-09, 2.7793420284801493e-09, 8.794397335676166e-09, 1.5566818766112314e-09, 6.403552365995765e-09, 1.0515414819410144e-08, 2.1901200331996217e-09, 1.5356312271006038e-09, 1.548859054139646e-09, 1.5255081270716278e-09, 1.498334248383257e-09, 1.5322784048591062e-09, 1.472640959606152e-09, 2.128046527953797e-09, 1.3614042322141883e-09, 0.9997942241202334, 1.5754507586936366e-09, 1.5322784048588477e-09, 1.5322784048596258e-09, 2.0341771665882354e-09, 0.0002056063304681725, 1.5519373951861084e-09, 1.3326737651195274e-09, 1.5437910921628093e-09, 1.2608593642798618e-09, 1.4600883634686165e-09, 1.3099616309858563e-09, 1.4734664812188696e-09, 1.4485988295284306e-09, 1.0376444427755299e-07, 1.5451937719811509e-09]"
hMpxV/Peru/SAM-INS-347/2022|EPI_ISL_16999107|2022-12-22,"[0.0, 0.0, 0.0, 0.0, 0.0, 0.0, 0.0, 0.0, 0.0, 0.0, 0.0, 0.0, 0.0, 0.0, 0.0, 0.0, 0.0, 0.0, 0.0, 0.0, 1.0, 0.0, 0.0, 0.0, 0.0, 0.0, 0.0, 0.0, 0.0, 0.0, 0.0]"
hMpxV/Mexico/CAM_InDRE_F58/2023|EPI_ISL_17672237|2023-01-03,"[0.0, 0.0, 0.0, 0.0, 0.0, 0.0, 0.0, 0.0, 0.0, 0.0, 0.0, 0.0, 0.0, 0.0, 0.0, 1.0, 0.0, 0.0, 0.0, 0.0, 0.0, 0.0, 0.0, 0.0, 0.0, 0.0, 0.0, 0.0, 0.0, 0.0, 0.0]"
NODE_0000340,"[1.3039801691054021e-09, 2.0716387343558893e-09, 3.4015525754398468e-09, 2.039735132912175e-09, 2.110489344141127e-09, 1.0824477352709949e-08, 2.0260201353964043e-09, 2.0010431202248502e-09, 2.0224379082215653e-09, 1.9906602714734308e-09, 1.941148648040686e-09, 1.9968499412997823e-09, 1.9504575344070006e-09, 1.9948508916427505e-09, 1.2962062044463688e-09, 0.999995719836713, 1.9511929360964772e-09, 1.9968499412991284e-09, 1.99684994130106e-09, 1.9200270135821583e-09, 4.205844366481806e-06, 2.0660689544966785e-09, 1.110677150376957e-09, 2.017227280534581e-09, 1.680830083302384e-09, 1.880709261754962e-09, 1.7357120190908782e-09, 1.892354132281394e-09, 1.9071894667555638e-09, 1.1172741043725249e-08, 2.0189433243071253e-09]"
hMpxV/Mexico/CAM_InDRE_F123/2023|EPI_ISL_17703591|2023-01-05,"[0.0, 0.0, 0.0, 0.0, 0.0, 0.0, 0.0, 0.0, 0.0, 0.0, 0.0, 0.0, 0.0, 0.0, 0.0, 0.9999999999999999, 0.0, 0.0, 0.0, 0.0, 0.0, 0.0, 0.0, 0.0, 0.0, 0.0, 0.0, 0.0, 0.0, 0.0, 0.0]"
hMpxV/Mexico/YUC_InDRE_F5709/2022|EPI_ISL_17672232|2022-12-05,"[0.0, 0.0, 0.0, 0.0, 0.0, 0.0, 0.0, 0.0, 0.0, 0.0, 0.0, 0.0, 0.0, 0.0, 0.0, 1.0, 0.0, 0.0, 0.0, 0.0, 0.0, 0.0, 0.0, 0.0, 0.0, 0.0, 0.0, 0.0, 0.0, 0.0, 0.0]"
NODE_0000341,"[4.951663900738676e-15, 1.073596152825341e-14, 2.428734474789392e-14, 1.0809846223605122e-14, 9.91410350447919e-15, 1.7682864289537951e-13, 1.0694124125274564e-14, 1.0662655347169148e-14, 1.0741832981287135e-14, 1.0564445145373352e-14, 1.0402526881688564e-14, 1.0660112832363523e-14, 9.902345750791939e-15, 1.0288387537221267e-14, 5.552813018396583e-15, 0.9999999999122967, 9.983615216882746e-15, 1.0660112832356181e-14, 1.0660112832391865e-14, 9.648675978681658e-15, 8.70754044200162e-11, 1.0540362687782469e-14, 4.9558981527771874e-15, 1.0730159847452625e-14, 7.746327092602747e-15, 9.979671006283697e-15, 8.128851935854994e-15, 1.0146855361109824e-14, 9.717426934599022e-15, 1.7743200351559096e-13, 1.0714177840444438e-14]"
hMpxV/Mexico/ROO_InDRE_F5579/2022|EPI_ISL_17703579|2022-12-05,"[0.0, 0.0, 0.0, 0.0, 0.0, 0.0, 0.0, 0.0, 0.0, 0.0, 0.0, 0.0, 0.0, 0.0, 0.0, 1.0, 0.0, 0.0, 0.0, 0.0, 0.0, 0.0, 0.0, 0.0, 0.0, 0.0, 0.0, 0.0, 0.0, 0.0, 0.0]"
hMpxV/Mexico/YUC_InDRE_F45/2022|EPI_ISL_17703585|2022-12-20,"[0.0, 0.0, 0.0, 0.0, 0.0, 0.0, 0.0, 0.0, 0.0, 0.0, 0.0, 0.0, 0.0, 0.0, 0.0, 1.0, 0.0, 0.0, 0.0, 0.0, 0.0, 0.0, 0.0, 0.0, 0.0, 0.0, 0.0, 0.0, 0.0, 0.0, 0.0]"
hMpxV/Mexico/ROO_InDRE_F81/2023|EPI_ISL_17703588|2023-01-01,"[0.0, 0.0, 0.0, 0.0, 0.0, 0.0, 0.0, 0.0, 0.0, 0.0, 0.0, 0.0, 0.0, 0.0, 0.0, 1.0, 0.0, 0.0, 0.0, 0.0, 0.0, 0.0, 0.0, 0.0, 0.0, 0.0, 0.0, 0.0, 0.0, 0.0, 0.0]"
hMpxV/Mexico/ROO_InDRE_F5733/2022|EPI_ISL_17672233|2022-12-19,"[0.0, 0.0, 0.0, 0.0, 0.0, 0.0, 0.0, 0.0, 0.0, 0.0, 0.0, 0.0, 0.0, 0.0, 0.0, 1.0, 0.0, 0.0, 0.0, 0.0, 0.0, 0.0, 0.0, 0.0, 0.0, 0.0, 0.0, 0.0, 0.0, 0.0, 0.0]"
NODE_0000343,"[1.5871300680806013e-05, 4.169661595850427e-06, 4.852117048370189e-05, 4.140060653539139e-06, 5.1519569603008175e-06, 6.911429126208237e-06, 4.160952392101891e-06, 4.143852631131561e-06, 4.165125374515232e-06, 4.114482661969144e-06, 4.1021962619033185e-06, 4.127401194687437e-06, 3.9580437016544575e-06, 4.109472632458329e-06, 6.165540676589082e-06, 0.0018829775507766232, 1.5073163676253592e-05, 4.127401194687515e-06, 4.127401194687563e-06, 3.936250819030722e-06, 0.0007325427163560031, 4.0922776025094146e-06, 1.3883861966839343e-05, 4.136284094347943e-06, 5.5788467753040965e-06, 8.439474195651124e-06, 3.612686308275317e-06, 8.162950336792901e-06, 3.935582931509155e-06, 0.9971774109095474, 4.149995196808696e-06]"
hMpxV/USA/un-CDPH-1000191/2023|EPI_ISL_17972012|2023-01-12,"[0.0, 0.0, 0.0, 0.0, 0.0, 0.0, 0.0, 0.0, 0.0, 0.0, 0.0, 0.0, 0.0, 0.0, 0.0, 0.0, 0.0, 0.0, 0.0, 0.0, 0.0, 0.0, 0.0, 0.0, 0.0, 0.0, 0.0, 0.0, 0.0, 0.9999999999999999, 0.0]"
NODE_0000344,"[3.535274257298025e-12, 1.8898934162265079e-13, 2.152056819971636e-11, 1.834526138129132e-13, 3.051026235455411e-13, 2.117654543712967e-13, 1.9085074747042519e-13, 1.8748962327148802e-13, 1.8648239504183723e-13, 1.856082991262889e-13, 1.907584192316976e-13, 1.8738663921331875e-13, 1.695077800705719e-13, 1.8389810670821363e-13, 5.860933544914628e-13, 4.2718619254880215e-11, 2.5754704023311896e-12, 1.8738663921336078e-13, 1.873866392133328e-13, 1.7370034878452138e-13, 1.0754570386201486e-09, 1.7155781977863653e-13, 3.685314180698715e-12, 1.8568257069570113e-13, 3.635730751594731e-13, 8.464677039204186e-13, 1.4853488008033174e-13, 7.927808365778334e-13, 1.7197388628965455e-13, 0.9999999988441354, 1.8570028670640176e-13]"
hMpxV/USA/un-CDPH-1000194/2023|EPI_ISL_17972015|2023-02-14,"[0.0, 0.0, 0.0, 0.0, 0.0, 0.0, 0.0, 0.0, 0.0, 0.0, 0.0, 0.0, 0.0, 0.0, 0.0, 0.0, 0.0, 0.0, 0.0, 0.0, 0.0, 0.0, 0.0, 0.0, 0.0, 0.0, 0.0, 0.0, 0.0, 1.0, 0.0]"
hMpxV/USA/CA-CDPH-1MPX1000194/2023|EPI_ISL_17206616|2023-02-14,"[0.0, 0.0, 0.0, 0.0, 0.0, 0.0, 0.0, 0.0, 0.0, 0.0, 0.0, 0.0, 0.0, 0.0, 0.0, 0.0, 0.0, 0.0, 0.0, 0.0, 0.0, 0.0, 0.0, 0.0, 0.0, 0.0, 0.0, 0.0, 0.0, 1.0, 0.0]"
NODE_0000345,"[9.620862302399835e-12, 9.093101828097567e-13, 3.614505035424677e-11, 9.067268840158985e-13, 1.2607059999599968e-12, 9.112867307015451e-13, 9.19828640265523e-13, 9.151867573337488e-13, 9.126782712094143e-13, 9.093552574038574e-13, 9.217215660137111e-13, 9.161766501899673e-13, 8.552499172609689e-13, 8.919565218680902e-13, 2.2586105673036742e-12, 1.1742111139602527e-11, 7.504570576024081e-12, 9.161766501910629e-13, 9.161766501905338e-13, 8.588345238028287e-13, 4.76399073893707e-10, 8.719530400966138e-13, 9.177102149953552e-12, 9.121537867790574e-13, 1.5753232687385336e-12, 3.045724871558513e-12, 7.685490450776307e-13, 2.8841724050841037e-12, 8.600447989694413e-13, 0.9999999994214026, 9.107629649422636e-13]"
hMpxV/USA/un-CDPH-1000193/2023|EPI_ISL_17972014|2023-02-14,"[0.0, 0.0, 0.0, 0.0, 0.0, 0.0, 0.0, 0.0, 0.0, 0.0, 0.0, 0.0, 0.0, 0.0, 0.0, 0.0, 0.0, 0.0, 0.0, 0.0, 0.0, 0.0, 0.0, 0.0, 0.0, 0.0, 0.0, 0.0, 0.0, 1.0, 0.0]"
hMpxV/USA/CA-CDPH-1MPX1000193/2023|EPI_ISL_17206615|2023-02-14,"[0.0, 0.0, 0.0, 0.0, 0.0, 0.0, 0.0, 0.0, 0.0, 0.0, 0.0, 0.0, 0.0, 0.0, 0.0, 0.0, 0.0, 0.0, 0.0, 0.0, 0.0, 0.0, 0.0, 0.0, 0.0, 0.0, 0.0, 0.0, 0.0, 1.0, 0.0]"
NODE_0000336,"[2.0855344576209595e-11, 2.727595795394105e-12, 0.9999999961667128, 2.7243045865846562e-12, 3.7732505019255376e-11, 4.6845237585418395e-12, 3.608144975075281e-12, 2.754981212872864e-12, 2.7605798276658208e-12, 2.7194780314534964e-12, 2.7390312454653682e-12, 2.7399208772196426e-12, 2.483907504057582e-12, 2.6558556533207176e-12, 1.600632257233545e-12, 1.727874871232981e-09, 2.5665717837583033e-12, 2.7399208772192307e-12, 2.7399208772196713e-12, 2.4794141931980666e-12, 1.5651859751707921e-09, 2.5541304739731744e-12, 1.6723521102951377e-10, 2.7321569014174368e-12, 2.1105348640212573e-12, 2.6548900728226125e-12, 2.0679287104261998e-12, 2.7102259225419003e-12, 2.480843897549306e-12, 2.4962415575314377e-10, 2.7435506574714236e-12]"
hMpxV/Brazil/RJ-FIOCRUZ-29818/2022|EPI_ISL_17614035|2022-12-23,"[0.0, 0.0, 1.0, 0.0, 0.0, 0.0, 0.0, 0.0, 0.0, 0.0, 0.0, 0.0, 0.0, 0.0, 0.0, 0.0, 0.0, 0.0, 0.0, 0.0, 0.0, 0.0, 0.0, 0.0, 0.0, 0.0, 0.0, 0.0, 0.0, 0.0, 0.0]"
hMpxV/Brazil/RJ-FIOCRUZ-29819/2022|EPI_ISL_17614044|2022-12-27,"[0.0, 0.0, 1.0, 0.0, 0.0, 0.0, 0.0, 0.0, 0.0, 0.0, 0.0, 0.0, 0.0, 0.0, 0.0, 0.0, 0.0, 0.0, 0.0, 0.0, 0.0, 0.0, 0.0, 0.0, 0.0, 0.0, 0.0, 0.0, 0.0, 0.0, 0.0]"
NODE_0000337,"[2.1962126226057637e-10, 3.977524371238111e-11, 0.9999999954482037, 4.033160838025412e-11, 2.997740276261454e-10, 4.0041180372385546e-11, 4.946476261311423e-11, 4.0152257262343507e-11, 4.030290048909115e-11, 3.991265752684905e-11, 3.96853342124906e-11, 4.011403308064791e-11, 3.8289363890973394e-11, 3.9085213253813237e-11, 2.726753133362099e-11, 1.0091612946014745e-10, 3.8497439535027365e-11, 4.011403308063639e-11, 4.011403308064627e-11, 3.7627751245695154e-11, 1.1239002421250583e-09, 3.949961692046199e-11, 9.601160485201482e-10, 4.022141920869706e-11, 3.365361150356295e-11, 3.8706326679030484e-11, 3.4217971099855335e-11, 3.9113973021641327e-11, 3.798035963874118e-11, 9.130797780031467e-10, 4.0220402268855617e-11]"
hMpxV/Brazil/RJ-FIOCRUZ-29654/2022|EPI_ISL_16871163|2022-12-22,"[0.0, 0.0, 1.0, 0.0, 0.0, 0.0, 0.0, 0.0, 0.0, 0.0, 0.0, 0.0, 0.0, 0.0, 0.0, 0.0, 0.0, 0.0, 0.0, 0.0, 0.0, 0.0, 0.0, 0.0, 0.0, 0.0, 0.0, 0.0, 0.0, 0.0, 0.0]"
hMpxV/Brazil/RJ-FIOCRUZ-29817/2022|EPI_ISL_17614018|2022-12-22,"[0.0, 0.0, 1.0, 0.0, 0.0, 0.0, 0.0, 0.0, 0.0, 0.0, 0.0, 0.0, 0.0, 0.0, 0.0, 0.0, 0.0, 0.0, 0.0, 0.0, 0.0, 0.0, 0.0, 0.0, 0.0, 0.0, 0.0, 0.0, 0.0, 0.0, 0.0]"
NODE_0000338,"[6.479387674956999e-09, 1.2666089208186625e-09, 0.9999998710543453, 1.2796981444814133e-09, 8.667504882592217e-09, 1.2730543417909916e-09, 1.5492527189024485e-09, 1.2806919728263797e-09, 1.2904555575069388e-09, 1.2695484690914985e-09, 1.258118014886517e-09, 1.270895844087503e-09, 1.21974675752399e-09, 1.2558567453592914e-09, 8.83548088884602e-10, 3.049328803850996e-09, 1.2460126334043413e-09, 1.2708958440866958e-09, 1.270895844087005e-09, 1.2024936006950567e-09, 2.9164007745913394e-08, 1.2598263052526263e-09, 2.544271662070102e-08, 1.2750970009748358e-09, 1.1310946979658077e-09, 1.2288827232831594e-09, 1.0965993160831548e-09, 1.239909281238809e-09, 1.2080579202866434e-09, 2.6331756668491924e-08, 1.283711389479964e-09]"
hMpxV/Brazil/RJ-FIOCRUZ-3015/2023|EPI_ISL_17614021|2023-01-26,"[0.0, 0.0, 1.0, 0.0, 0.0, 0.0, 0.0, 0.0, 0.0, 0.0, 0.0, 0.0, 0.0, 0.0, 0.0, 0.0, 0.0, 0.0, 0.0, 0.0, 0.0, 0.0, 0.0, 0.0, 0.0, 0.0, 0.0, 0.0, 0.0, 0.0, 0.0]"
hMpxV/Brazil/RJ-FIOCRUZ-3016/2023|EPI_ISL_17614040|2023-02-08,"[0.0, 0.0, 1.0, 0.0, 0.0, 0.0, 0.0, 0.0, 0.0, 0.0, 0.0, 0.0, 0.0, 0.0, 0.0, 0.0, 0.0, 0.0, 0.0, 0.0, 0.0, 0.0, 0.0, 0.0, 0.0, 0.0, 0.0, 0.0, 0.0, 0.0, 0.0]"
NODE_0000392,"[7.212442262404517e-08, 1.3371463769050037e-07, 3.5698186279344534e-07, 7.167391711820931e-08, 3.0997014650123706e-07, 2.94996801342487e-07, 1.0375604778573136e-07, 7.04901830626234e-08, 7.116937730509456e-08, 7.018006491143754e-08, 6.863469131168503e-08, 7.033731765734037e-08, 6.91097067725781e-08, 1.0187842680859085e-07, 7.07569449414515e-08, 0.9890071827790569, 7.292272225830269e-08, 7.033731765732332e-08, 7.03373176573708e-08, 9.841149851410208e-08, 0.010988336081574002, 7.261070457323039e-08, 6.744706481385599e-08, 7.097926635370293e-08, 6.116071718716008e-08, 6.677494136271322e-08, 6.349035733785584e-08, 6.711230323628344e-08, 6.780053840622324e-08, 1.6249222831611609e-06, 7.105778779487342e-08]"
NODE_0000412,"[1.0498823237479377e-08, 1.8517632142218787e-08, 4.440373617418953e-08, 1.2165697482402736e-08, 3.665651859294596e-08, 5.5849774368035684e-08, 1.5373200428880567e-08, 1.1953538304468515e-08, 1.2074157795630872e-08, 1.189693569990368e-08, 1.1620931957619024e-08, 1.1926849840550528e-08, 1.1694115911672605e-08, 1.5108838957849872e-08, 1.0300465524079845e-08, 0.9997719883875141, 1.2105626796536025e-08, 1.1926849840549026e-08, 1.1926849840553477e-08, 1.4583625171989494e-08, 0.0002273783217249768, 1.2326912515791323e-08, 9.53898462519428e-09, 1.2040713797265897e-08, 1.0260710876624798e-08, 1.1297561658322686e-08, 1.0619179253236338e-08, 1.135824238437827e-08, 1.14586578831932e-08, 1.9175165099117737e-07, 1.205397907798213e-08]"
hMpxV/Mexico/CMX_InDRE_F5430/2022|EPI_ISL_17703577|2022-11-28,"[0.0, 0.0, 0.0, 0.0, 0.0, 0.0, 0.0, 0.0, 0.0, 0.0, 0.0, 0.0, 0.0, 0.0, 0.0, 1.0, 0.0, 0.0, 0.0, 0.0, 0.0, 0.0, 0.0, 0.0, 0.0, 0.0, 0.0, 0.0, 0.0, 0.0, 0.0]"
NODE_0000413,"[1.7874011267843456e-09, 2.775199738652075e-09, 4.313040074081284e-09, 2.814891172401707e-09, 2.586872872499788e-09, 1.4502821366903195e-08, 2.7505453398090368e-09, 2.7604445348019275e-09, 2.7900496659707924e-09, 2.7466283369195568e-09, 2.6767224321107314e-09, 2.7547594881186924e-09, 2.6953888431452814e-09, 2.7105758749350914e-09, 1.7696815484938541e-09, 0.9999995105180866, 2.692740205219454e-09, 2.754759488117042e-09, 2.754759488125745e-09, 2.611347032111683e-09, 3.9093761256308564e-07, 2.8552215868259366e-09, 1.5077269440473053e-09, 2.783136053671195e-09, 2.3298593680960556e-09, 2.5957126174133665e-09, 2.4019411622268937e-09, 2.6105812325817562e-09, 2.63422510707927e-09, 1.2791818180586832e-08, 2.7854501934679497e-09]"
hMpxV/Mexico/GRO_InDRE_F5598/2022|EPI_ISL_17672228|2022-12-10,"[0.0, 0.0, 0.0, 0.0, 0.0, 0.0, 0.0, 0.0, 0.0, 0.0, 0.0, 0.0, 0.0, 0.0, 0.0, 1.0, 0.0, 0.0, 0.0, 0.0, 0.0, 0.0, 0.0, 0.0, 0.0, 0.0, 0.0, 0.0, 0.0, 0.0, 0.0]"
NODE_0000414,"[8.050707221757055e-08, 1.217929393204577e-07, 1.8442247215236715e-07, 1.2403384824435896e-07, 1.1238969704206126e-07, 5.986136639084221e-07, 1.2087458516662367e-07, 1.215687491355568e-07, 1.228727759967275e-07, 1.210063849439472e-07, 1.1781960526045591e-07, 1.2132550327303406e-07, 1.1912438286884088e-07, 1.192778056629378e-07, 7.903311053625802e-08, 0.9999893375528728, 1.1909755654534615e-07, 1.2132550327302432e-07, 1.2132550327305426e-07, 1.151415502179985e-07, 6.398065992279905e-06, 1.2613276082825876e-07, 6.734632315361432e-08, 1.2258908629493577e-07, 1.037066104192508e-07, 1.144684909490475e-07, 1.0662800038318523e-07, 1.1502023726078724e-07, 1.1633409975948685e-07, 5.279138954239124e-07, 1.2268892146307603e-07]"
hMpxV/Mexico/OAX_InDRE_F180/2023|EPI_ISL_17672249|2023-01-25,"[0.0, 0.0, 0.0, 0.0, 0.0, 0.0, 0.0, 0.0, 0.0, 0.0, 0.0, 0.0, 0.0, 0.0, 0.0, 0.9999999999999999, 0.0, 0.0, 0.0, 0.0, 0.0, 0.0, 0.0, 0.0, 0.0, 0.0, 0.0, 0.0, 0.0, 0.0, 0.0]"
NODE_0000415,"[5.655554925538672e-09, 8.748913119440328e-09, 1.3395635124701055e-08, 8.953807167761627e-09, 7.918771169536772e-09, 4.60492794205343e-08, 8.706978998989564e-09, 8.7802321325822e-09, 8.874601627428749e-09, 8.736330720101153e-09, 8.513430284536977e-09, 8.762102594712796e-09, 8.574151412161418e-09, 8.5815889084662e-09, 5.5995540961253725e-09, 0.9999991363416815, 8.559879372743495e-09, 8.7621025947116e-09, 8.762102594717086e-09, 8.267508526342844e-09, 5.529583691569756e-07, 9.083205036286647e-09, 4.759978892641743e-09, 8.85257289105369e-09, 7.411332369765243e-09, 8.2554206519118e-09, 7.639975605063794e-09, 8.302542350355915e-09, 8.379161317464265e-09, 3.8953255562825915e-08, 8.85997999515634e-09]"
hMpxV/Mexico/CMX_InDRE_F411/2023|EPI_ISL_17703607|2023-03-16,"[0.0, 0.0, 0.0, 0.0, 0.0, 0.0, 0.0, 0.0, 0.0, 0.0, 0.0, 0.0, 0.0, 0.0, 0.0, 1.0, 0.0, 0.0, 0.0, 0.0, 0.0, 0.0, 0.0, 0.0, 0.0, 0.0, 0.0, 0.0, 0.0, 0.0, 0.0]"
hMpxV/Mexico/CMX_InDRE_F419/2023|EPI_ISL_17703608|2023-03-21,"[0.0, 0.0, 0.0, 0.0, 0.0, 0.0, 0.0, 0.0, 0.0, 0.0, 0.0, 0.0, 0.0, 0.0, 0.0, 1.0, 0.0, 0.0, 0.0, 0.0, 0.0, 0.0, 0.0, 0.0, 0.0, 0.0, 0.0, 0.0, 0.0, 0.0, 0.0]"
NODE_0000393,"[7.696669845007431e-20, 2.6454550910583607e-19, 1.404724899745193e-18, 1.5309329325104838e-19, 5.71524091243432e-19, 6.329078375620107e-18, 2.1326793827994773e-19, 1.521426098676929e-19, 1.5261791657941832e-19, 1.502526403305907e-19, 1.4973443050536608e-19, 1.5239110626225536e-19, 1.354142500170513e-19, 1.9993893817116916e-19, 9.596917881932299e-20, 0.9999999999886876, 1.4418755974105745e-19, 1.5239110626220286e-19, 1.5239110626240092e-19, 1.8344761490023779e-19, 1.1312354990380473e-11, 1.4378657556345998e-19, 9.931862968493786e-20, 1.526853955191993e-19, 9.862892786094341e-20, 1.4279810497679395e-19, 1.055315987200776e-19, 1.4653304275544803e-19, 1.3369870305144637e-19, 2.0637073187586312e-17, 1.5212629727248561e-19]"
hMpxV/Mexico/BCN_InDRE_F5516/2022|EPI_ISL_17672223|2022-11-29,"[0.0, 0.0, 0.0, 0.0, 0.0, 0.0, 0.0, 0.0, 0.0, 0.0, 0.0, 0.0, 0.0, 0.0, 0.0, 1.0, 0.0, 0.0, 0.0, 0.0, 0.0, 0.0, 0.0, 0.0, 0.0, 0.0, 0.0, 0.0, 0.0, 0.0, 0.0]"
NODE_0000408,"[1.040444991438826e-08, 1.605967131509523e-08, 2.4556373803074308e-08, 1.6429761070632468e-08, 1.4557653986677112e-08, 8.39444393508515e-08, 1.5979204752630794e-08, 1.611049934418674e-08, 1.6283677213652542e-08, 1.6030516817098387e-08, 1.562023931986123e-08, 1.607728669163134e-08, 1.5737681868003176e-08, 1.5751062639697923e-08, 1.0292781663008455e-08, 0.9999984361764701, 1.5713309969955956e-08, 1.6077286691629147e-08, 1.6077286691636955e-08, 1.5177516761180454e-08, 9.943483874422292e-07, 1.667124889924748e-08, 8.750871109662175e-09, 1.624346339312022e-08, 1.361289771163174e-08, 1.5149504634045488e-08, 1.4029478307099317e-08, 1.523467701240587e-08, 1.5378812401420002e-08, 7.126642184259049e-08, 1.6257067087311553e-08]"
hMpxV/Mexico/CHH_InDRE_F5453/2022|EPI_ISL_17672221|2022-11-30,"[0.0, 0.0, 0.0, 0.0, 0.0, 0.0, 0.0, 0.0, 0.0, 0.0, 0.0, 0.0, 0.0, 0.0, 0.0, 1.0, 0.0, 0.0, 0.0, 0.0, 0.0, 0.0, 0.0, 0.0, 0.0, 0.0, 0.0, 0.0, 0.0, 0.0, 0.0]"
hMpxV/Mexico/TAM_InDRE_F153/2023|EPI_ISL_17672245|2023-01-19,"[0.0, 0.0, 0.0, 0.0, 0.0, 0.0, 0.0, 0.0, 0.0, 0.0, 0.0, 0.0, 0.0, 0.0, 0.0, 0.9999999999999999, 0.0, 0.0, 0.0, 0.0, 0.0, 0.0, 0.0, 0.0, 0.0, 0.0, 0.0, 0.0, 0.0, 0.0, 0.0]"
NODE_0000411,"[4.763035048858268e-07, 7.122486805534682e-07, 1.0728304672539786e-06, 7.232644753332879e-07, 6.647132478555888e-07, 3.379100805276019e-06, 7.057554717323194e-07, 7.086974892227628e-07, 7.162821095305958e-07, 7.055625743639075e-07, 6.866733367091744e-07, 7.07312881354831e-07, 6.957040380538491e-07, 6.968565290434764e-07, 4.655355498449231e-07, 0.9999411709071605, 6.96101145164702e-07, 7.073128813548008e-07, 7.073128813548702e-07, 6.734014774744736e-07, 3.40661557704013e-05, 7.364318526012481e-07, 3.973048924320068e-07, 7.14708029429887e-07, 6.079089733234936e-07, 6.678336678455064e-07, 6.241609997814856e-07, 6.707397542351833e-07, 6.791440283170505e-07, 3.048463341898857e-06, 7.152719828400463e-07]"
hMpxV/Mexico/NLE_InDRE_F280/2023|EPI_ISL_17703601|2023-02-08,"[0.0, 0.0, 0.0, 0.0, 0.0, 0.0, 0.0, 0.0, 0.0, 0.0, 0.0, 0.0, 0.0, 0.0, 0.0, 1.0, 0.0, 0.0, 0.0, 0.0, 0.0, 0.0, 0.0, 0.0, 0.0, 0.0, 0.0, 0.0, 0.0, 0.0, 0.0]"
hMpxV/Mexico/NLE_InDRE_F311/2023|EPI_ISL_17703602|2023-02-15,"[0.0, 0.0, 0.0, 0.0, 0.0, 0.0, 0.0, 0.0, 0.0, 0.0, 0.0, 0.0, 0.0, 0.0, 0.0, 1.0, 0.0, 0.0, 0.0, 0.0, 0.0, 0.0, 0.0, 0.0, 0.0, 0.0, 0.0, 0.0, 0.0, 0.0, 0.0]"
NODE_0000409,"[4.152233225118184e-09, 6.373422243060913e-09, 9.71273069046787e-09, 6.516236502319372e-09, 5.792027679860721e-09, 3.2766556459954384e-08, 6.338913411671466e-09, 6.389004097173376e-09, 6.457815821528261e-09, 6.357770701219775e-09, 6.193878396220673e-09, 6.375745344314809e-09, 6.246211161468379e-09, 6.250505408541616e-09, 4.098308102190551e-09, 0.9999993942081775, 6.238489655974716e-09, 6.375745344313375e-09, 6.3757453443181785e-09, 6.025641647481944e-09, 3.805598955789235e-07, 6.6160290782536075e-09, 3.4847264422760293e-09, 6.441853908127394e-09, 5.412768393975604e-09, 6.009763752760675e-09, 5.575132242869834e-09, 6.04230362524452e-09, 6.103043502959101e-09, 2.8061922803886632e-08, 6.447402118427891e-09]"
hMpxV/Mexico/DUR_InDRE_F268/2023|EPI_ISL_17672254|2023-02-02,"[0.0, 0.0, 0.0, 0.0, 0.0, 0.0, 0.0, 0.0, 0.0, 0.0, 0.0, 0.0, 0.0, 0.0, 0.0, 1.0, 0.0, 0.0, 0.0, 0.0, 0.0, 0.0, 0.0, 0.0, 0.0, 0.0, 0.0, 0.0, 0.0, 0.0, 0.0]"
NODE_0000410,"[1.3436685553029159e-09, 2.1265596960986163e-09, 3.2997926298317305e-09, 2.1854490335460387e-09, 1.892976202733422e-09, 1.2038542339713298e-08, 2.1215263627054705e-09, 2.144119228185075e-09, 2.1671245553212103e-09, 2.1326175026737605e-09, 2.079946548544739e-09, 2.1396294457260986e-09, 2.086499326072053e-09, 2.0882569532872073e-09, 1.3420745427243608e-09, 0.9999997556602381, 2.0804201033352218e-09, 2.1396294457256064e-09, 2.139629445727021e-09, 2.0078091851008605e-09, 1.6759449362448205e-07, 2.211461642101677e-09, 1.1389555561643127e-09, 2.16147637031966e-09, 1.7904340814259297e-09, 2.0132473001665985e-09, 1.850265580531582e-09, 2.026527195790881e-09, 2.040354652126797e-09, 9.793017051738272e-09, 2.1632579209371668e-09]"
hMpxV/Mexico/VER_InDRE_F5457/2022|EPI_ISL_17672222|2022-11-29,"[0.0, 0.0, 0.0, 0.0, 0.0, 0.0, 0.0, 0.0, 0.0, 0.0, 0.0, 0.0, 0.0, 0.0, 0.0, 1.0, 0.0, 0.0, 0.0, 0.0, 0.0, 0.0, 0.0, 0.0, 0.0, 0.0, 0.0, 0.0, 0.0, 0.0, 0.0]"
hMpxV/Mexico/JAL_InDRE_F5746/2022|EPI_ISL_17672234|2022-12-14,"[0.0, 0.0, 0.0, 0.0, 0.0, 0.0, 0.0, 0.0, 0.0, 0.0, 0.0, 0.0, 0.0, 0.0, 0.0, 1.0, 0.0, 0.0, 0.0, 0.0, 0.0, 0.0, 0.0, 0.0, 0.0, 0.0, 0.0, 0.0, 0.0, 0.0, 0.0]"
NODE_0000405,"[2.762398664418306e-13, 5.769970282379574e-13, 1.2559596552906305e-12, 5.835749974322915e-13, 5.276575735978498e-13, 8.668286736562421e-12, 5.754874342070169e-13, 5.751400813575483e-13, 5.794003070563898e-13, 5.701803479328533e-13, 5.606498283429631e-13, 5.750653602465075e-13, 5.370366768373185e-13, 5.547548172078906e-13, 3.0613028202424236e-13, 0.9999999988883802, 5.414888884507904e-13, 5.750653602463375e-13, 5.750653602468507e-13, 5.21869927285281e-13, 1.0817422407537856e-09, 5.712486128732891e-13, 2.7315105937122726e-13, 5.789370094055074e-13, 4.2458351243212333e-13, 5.391100229791944e-13, 4.4383077707089223e-13, 5.47400006625581e-13, 5.263815663141865e-13, 6.458851225154456e-12, 5.780489629762807e-13]"
hMpxV/Mexico/ROO_InDRE_F162/2023|EPI_ISL_17672247|2023-01-16,"[0.0, 0.0, 0.0, 0.0, 0.0, 0.0, 0.0, 0.0, 0.0, 0.0, 0.0, 0.0, 0.0, 0.0, 0.0, 0.9999999999999999, 0.0, 0.0, 0.0, 0.0, 0.0, 0.0, 0.0, 0.0, 0.0, 0.0, 0.0, 0.0, 0.0, 0.0, 0.0]"
hMpxV/Mexico/ROO_InDRE_F288/2023|EPI_ISL_17672257|2023-02-02,"[0.0, 0.0, 0.0, 0.0, 0.0, 0.0, 0.0, 0.0, 0.0, 0.0, 0.0, 0.0, 0.0, 0.0, 0.0, 0.9999999999999999, 0.0, 0.0, 0.0, 0.0, 0.0, 0.0, 0.0, 0.0, 0.0, 0.0, 0.0, 0.0, 0.0, 0.0, 0.0]"
hMpxV/Mexico/CMX_InDRE_F266/2023|EPI_ISL_17672253|2023-02-09,"[0.0, 0.0, 0.0, 0.0, 0.0, 0.0, 0.0, 0.0, 0.0, 0.0, 0.0, 0.0, 0.0, 0.0, 0.0, 1.0, 0.0, 0.0, 0.0, 0.0, 0.0, 0.0, 0.0, 0.0, 0.0, 0.0, 0.0, 0.0, 0.0, 0.0, 0.0]"
NODE_0000406,"[3.172339516349251e-10, 5.031530696657367e-10, 7.805447355714816e-10, 5.175892111344268e-10, 4.462688268743193e-10, 2.862402155794917e-09, 5.022088100049134e-10, 5.078307727600521e-10, 5.132912307441574e-10, 5.050841207056704e-10, 4.926559828156989e-10, 5.067555871671156e-10, 4.940157694166951e-10, 4.942935796963176e-10, 3.171248534496768e-10, 0.9999999422099037, 4.924313678934255e-10, 5.067555871668887e-10, 5.067555871675572e-10, 4.751522318360468e-10, 3.9616969107406196e-08, 5.236364151283779e-10, 2.6894260363044986e-10, 5.119322075294247e-10, 4.2361282498383836e-10, 4.76725507541317e-10, 4.3792711885480804e-10, 4.799165804251961e-10, 4.831406253092843e-10, 2.3133824656914153e-09, 5.123636942948266e-10]"
hMpxV/Mexico/NLE_InDRE_F163/2023|EPI_ISL_17703592|2023-01-19,"[0.0, 0.0, 0.0, 0.0, 0.0, 0.0, 0.0, 0.0, 0.0, 0.0, 0.0, 0.0, 0.0, 0.0, 0.0, 1.0, 0.0, 0.0, 0.0, 0.0, 0.0, 0.0, 0.0, 0.0, 0.0, 0.0, 0.0, 0.0, 0.0, 0.0, 0.0]"
NODE_0000407,"[6.06706158753793e-10, 9.567642286327475e-10, 1.4797425192712348e-09, 9.830112911465057e-10, 8.527107665805655e-10, 5.345466701316832e-09, 9.543064894093886e-10, 9.643542873547413e-10, 9.747205499757091e-10, 9.59230849878674e-10, 9.3542523113238e-10, 9.62326901032205e-10, 9.38952997629323e-10, 9.395623424008947e-10, 6.051708977602658e-10, 0.9999998941890412, 9.362703483660141e-10, 9.623269010318842e-10, 9.623269010329138e-10, 9.036413018768253e-10, 7.139303310270144e-08, 9.951233525091653e-10, 5.135192401740261e-10, 9.72181256509205e-10, 8.06619161681316e-10, 9.05615039609053e-10, 8.33328267976851e-10, 9.114704285800224e-10, 9.181210864815542e-10, 4.3659335823223376e-09, 9.729965383933112e-10]"
hMpxV/Mexico/ROO_InDRE_F263/2023|EPI_ISL_17703598|2023-01-30,"[0.0, 0.0, 0.0, 0.0, 0.0, 0.0, 0.0, 0.0, 0.0, 0.0, 0.0, 0.0, 0.0, 0.0, 0.0, 1.0, 0.0, 0.0, 0.0, 0.0, 0.0, 0.0, 0.0, 0.0, 0.0, 0.0, 0.0, 0.0, 0.0, 0.0, 0.0]"
hMpxV/Mexico/ROO_InDRE_F97/2023|EPI_ISL_17703589|2023-01-06,"[0.0, 0.0, 0.0, 0.0, 0.0, 0.0, 0.0, 0.0, 0.0, 0.0, 0.0, 0.0, 0.0, 0.0, 0.0, 0.9999999999999999, 0.0, 0.0, 0.0, 0.0, 0.0, 0.0, 0.0, 0.0, 0.0, 0.0, 0.0, 0.0, 0.0, 0.0, 0.0]"
NODE_0000394,"[1.046192471802035e-09, 1.6417239890307521e-09, 2.538510584237606e-09, 1.6838535971848153e-09, 1.472621803775954e-09, 9.070856384583874e-09, 1.6360459707367201e-09, 1.6517004470711873e-09, 1.6693987372867374e-09, 1.6430748370539037e-09, 1.6019784221748566e-09, 1.6482855250752167e-09, 1.6093975517725276e-09, 1.6111054899643744e-09, 1.0414934477830643e-09, 0.9999998178192363, 1.6057326442478158e-09, 1.6482855250745971e-09, 1.648285525076325e-09, 1.550208996159299e-09, 1.2323631450181877e-07, 1.7054490983851427e-09, 8.848056880644784e-10, 1.6651615509196294e-09, 1.3848361984538098e-09, 1.5518082772313165e-09, 1.4296150725790127e-09, 1.5615150650485876e-09, 1.573374852271402e-09, 7.50261484698413e-09, 1.6665167636997431e-09]"
hMpxV/Mexico/MEX_InDRE_F5758/2022|EPI_ISL_17672235|2022-12-30,"[0.0, 0.0, 0.0, 0.0, 0.0, 0.0, 0.0, 0.0, 0.0, 0.0, 0.0, 0.0, 0.0, 0.0, 0.0, 1.0, 0.0, 0.0, 0.0, 0.0, 0.0, 0.0, 0.0, 0.0, 0.0, 0.0, 0.0, 0.0, 0.0, 0.0, 0.0]"
NODE_0000395,"[1.4443155526911604e-09, 2.2408135889359586e-09, 3.44059953402575e-09, 2.2942050429728754e-09, 2.0246122980740547e-09, 1.1941548978002606e-08, 2.230652129914368e-09, 2.249881012446489e-09, 2.2740362682962733e-09, 2.238523844342214e-09, 2.1816423620520507e-09, 2.2452336945417503e-09, 2.1960345064328907e-09, 2.1981072974066936e-09, 1.431478200309283e-09, 0.999999768870333, 2.1923242556464182e-09, 2.2452336945408276e-09, 2.2452336945434254e-09, 2.1170952382503798e-09, 1.5131392403470513e-07, 2.326549177659591e-09, 1.216836829152028e-09, 2.2683614765098696e-09, 1.896521082837651e-09, 2.1151701792692916e-09, 1.9554864128080004e-09, 2.1274780069661424e-09, 2.146246378414284e-09, 1.006127224580668e-08, 2.27024996100968e-09]"
hMpxV/Mexico/JAL_InDRE_F171/2023|EPI_ISL_17703593|2023-01-20,"[0.0, 0.0, 0.0, 0.0, 0.0, 0.0, 0.0, 0.0, 0.0, 0.0, 0.0, 0.0, 0.0, 0.0, 0.0, 1.0, 0.0, 0.0, 0.0, 0.0, 0.0, 0.0, 0.0, 0.0, 0.0, 0.0, 0.0, 0.0, 0.0, 0.0, 0.0]"
NODE_0000396,"[1.952003020779713e-17, 4.9138179679514025e-17, 1.3011468647982208e-16, 4.977661680108712e-17, 4.384092520921796e-17, 1.3988582955074838e-15, 4.927323986588029e-17, 4.922063430965981e-17, 4.95041729255163e-17, 4.867738997610697e-17, 4.814548100128506e-17, 4.925709306668974e-17, 4.4688996138216475e-17, 4.6879894304014515e-17, 2.3203562086323892e-17, 0.9999999999992899, 4.51875544948353e-17, 4.925709306666968e-17, 4.925709306674126e-17, 4.343702201047845e-17, 7.069329049523259e-13, 4.7672041029440545e-17, 2.1136799334871613e-17, 4.949260944259726e-17, 3.3400765355982465e-17, 4.596229366284954e-17, 3.5304659996675575e-17, 4.6960192896027057e-17, 4.391652770081985e-17, 9.169315627176785e-16, 4.9359644246892155e-17]"
hMpxV/Mexico/PUE_InDRE_F57/2023|EPI_ISL_17672236|2023-01-02,"[0.0, 0.0, 0.0, 0.0, 0.0, 0.0, 0.0, 0.0, 0.0, 0.0, 0.0, 0.0, 0.0, 0.0, 0.0, 1.0, 0.0, 0.0, 0.0, 0.0, 0.0, 0.0, 0.0, 0.0, 0.0, 0.0, 0.0, 0.0, 0.0, 0.0, 0.0]"
NODE_0000397,"[4.695290717046539e-09, 7.3896121222171555e-09, 1.141829960943719e-08, 7.587776639350106e-09, 6.601633386114428e-09, 4.10163100960623e-08, 7.368241377458228e-09, 7.443369614536828e-09, 7.523320952052043e-09, 7.4041101636389485e-09, 7.219773555957901e-09, 7.42782250580953e-09, 7.249659152936426e-09, 7.255138185127731e-09, 4.680077926470124e-09, 0.9999991953736479, 7.229870051393828e-09, 7.427822505808378e-09, 7.42782250581165e-09, 6.9790974905519e-09, 5.391894316835194e-07, 7.68296177326745e-09, 3.972646113901799e-09, 7.503930757916066e-09, 6.231785992912372e-09, 6.990956570933472e-09, 6.4365803023169935e-09, 7.03557621309175e-09, 7.08827366833195e-09, 3.363901073322675e-08, 7.510149754135172e-09]"
hMpxV/Mexico/YUC_InDRE_F5757/2022|EPI_ISL_17703581|2022-12-16,"[0.0, 0.0, 0.0, 0.0, 0.0, 0.0, 0.0, 0.0, 0.0, 0.0, 0.0, 0.0, 0.0, 0.0, 0.0, 0.9999999999999999, 0.0, 0.0, 0.0, 0.0, 0.0, 0.0, 0.0, 0.0, 0.0, 0.0, 0.0, 0.0, 0.0, 0.0, 0.0]"
hMpxV/Mexico/TAB_InDRE_F5681/2022|EPI_ISL_17672230|2022-12-13,"[0.0, 0.0, 0.0, 0.0, 0.0, 0.0, 0.0, 0.0, 0.0, 0.0, 0.0, 0.0, 0.0, 0.0, 0.0, 1.0, 0.0, 0.0, 0.0, 0.0, 0.0, 0.0, 0.0, 0.0, 0.0, 0.0, 0.0, 0.0, 0.0, 0.0, 0.0]"
NODE_0000398,"[1.1949429330571204e-11, 2.126039305772945e-11, 3.852307207559689e-11, 2.1612858363817284e-11, 1.941094040251569e-11, 1.828427933973425e-10, 2.1168997852483243e-11, 2.1243395929708943e-11, 2.143732369730296e-11, 2.1101569820928453e-11, 2.0648701860837384e-11, 2.121935556668372e-11, 2.0315840527158585e-11, 2.0647343851122618e-11, 1.2465565939211004e-11, 0.9999999925384941, 2.039154585787689e-11, 2.1219355566673535e-11, 2.1219355566701206e-11, 1.9672558769572028e-11, 6.58635321221287e-09, 2.1561935962654748e-11, 1.0854972525341065e-11, 2.1401809962719664e-11, 1.6850304808471005e-11, 1.9952989393546282e-11, 1.7474512766538482e-11, 2.0155578132442393e-11, 1.9879283912013975e-11, 1.4727527773362198e-10, 2.1395444222297693e-11]"
hMpxV/Mexico/CHH_InDRE_F43/2023|EPI_ISL_17703584|2023-01-02,"[0.0, 0.0, 0.0, 0.0, 0.0, 0.0, 0.0, 0.0, 0.0, 0.0, 0.0, 0.0, 0.0, 0.0, 0.0, 1.0, 0.0, 0.0, 0.0, 0.0, 0.0, 0.0, 0.0, 0.0, 0.0, 0.0, 0.0, 0.0, 0.0, 0.0, 0.0]"
hMpxV/Mexico/CAM_InDRE_F5554/2022|EPI_ISL_17672225|2022-11-30,"[0.0, 0.0, 0.0, 0.0, 0.0, 0.0, 0.0, 0.0, 0.0, 0.0, 0.0, 0.0, 0.0, 0.0, 0.0, 1.0, 0.0, 0.0, 0.0, 0.0, 0.0, 0.0, 0.0, 0.0, 0.0, 0.0, 0.0, 0.0, 0.0, 0.0, 0.0]"
hMpxV/Mexico/SLP_InDRE_F293/2023|EPI_ISL_17672255|2023-02-13,"[0.0, 0.0, 0.0, 0.0, 0.0, 0.0, 0.0, 0.0, 0.0, 0.0, 0.0, 0.0, 0.0, 0.0, 0.0, 1.0, 0.0, 0.0, 0.0, 0.0, 0.0, 0.0, 0.0, 0.0, 0.0, 0.0, 0.0, 0.0, 0.0, 0.0, 0.0]"
NODE_0000399,"[1.553587636653355e-08, 2.418452938279666e-08, 3.7184645011929064e-08, 2.476786880781171e-08, 2.1828426348561425e-08, 1.2988431943978032e-07, 2.4079524829788688e-08, 2.42904304482212e-08, 2.4550886835819312e-08, 2.416685956073558e-08, 2.355532310402382e-08, 2.424063296196719e-08, 2.3698372765511027e-08, 2.3723631886314712e-08, 1.542081782116002e-08, 0.9999975122253623, 2.3651637493465873e-08, 2.424063296196484e-08, 2.424063296197241e-08, 2.284352101613284e-08, 1.6251668330306454e-06, 2.5108374515339318e-08, 1.3107779747458478e-08, 2.4489961716559238e-08, 2.0442700557256984e-08, 2.283100419122536e-08, 2.1086745203329038e-08, 2.2966666108653326e-08, 2.3162547512431856e-08, 1.0881363844665833e-07, 2.4509816407057482e-08]"
hMpxV/Mexico/MEX_InDRE_F98/2023|EPI_ISL_17703590|2023-01-11,"[0.0, 0.0, 0.0, 0.0, 0.0, 0.0, 0.0, 0.0, 0.0, 0.0, 0.0, 0.0, 0.0, 0.0, 0.0, 1.0, 0.0, 0.0, 0.0, 0.0, 0.0, 0.0, 0.0, 0.0, 0.0, 0.0, 0.0, 0.0, 0.0, 0.0, 0.0]"
NODE_0000400,"[1.3442835229588095e-09, 2.1294429542468625e-09, 3.310386352401145e-09, 2.1877597091798496e-09, 1.8973113313934352e-09, 1.211878548246515e-08, 2.124166395700261e-09, 2.1464139894183523e-09, 2.169404996074207e-09, 2.1348809315246847e-09, 2.0822066884259997e-09, 2.1419452945919537e-09, 2.0884405266927962e-09, 2.0906791738056403e-09, 1.3430814089208754e-09, 0.9999997484389566, 2.082553233290904e-09, 2.1419452945913296e-09, 2.141945294592965e-09, 2.009998937619352e-09, 1.7460107524650517e-07, 2.2135338829631547e-09, 1.1401811390326913e-09, 2.163780821794098e-09, 1.791639445442015e-09, 2.015448364616576e-09, 1.8515155333381984e-09, 2.0287970607422705e-09, 2.0422472051746144e-09, 9.861657560741013e-09, 2.165535591055447e-09]"
hMpxV/Mexico/QUE_InDRE_F144/2023|EPI_ISL_17672243|2023-01-16,"[0.0, 0.0, 0.0, 0.0, 0.0, 0.0, 0.0, 0.0, 0.0, 0.0, 0.0, 0.0, 0.0, 0.0, 0.0, 1.0, 0.0, 0.0, 0.0, 0.0, 0.0, 0.0, 0.0, 0.0, 0.0, 0.0, 0.0, 0.0, 0.0, 0.0, 0.0]"
hMpxV/Mexico/QUE_InDRE_F18/2022|EPI_ISL_17672248|2022-12-30,"[0.0, 0.0, 0.0, 0.0, 0.0, 0.0, 0.0, 0.0, 0.0, 0.0, 0.0, 0.0, 0.0, 0.0, 0.0, 1.0, 0.0, 0.0, 0.0, 0.0, 0.0, 0.0, 0.0, 0.0, 0.0, 0.0, 0.0, 0.0, 0.0, 0.0, 0.0]"
NODE_0000401,"[2.9835243947243435e-07, 4.464016100984605e-07, 6.720024275827112e-07, 4.536253304042705e-07, 4.155163971042464e-07, 2.1205557451182534e-06, 4.4248198425070034e-07, 4.4450480925444384e-07, 4.492732333886462e-07, 4.425279327680288e-07, 4.306975879632117e-07, 4.4362427992899965e-07, 4.363016985947443e-07, 4.369045766297476e-07, 2.9164629775127773e-07, 0.9999631148691714, 4.3649733719441645e-07, 4.4362427992897614e-07, 4.4362427992903607e-07, 4.2216300641843217e-07, 2.1361692939431462e-05, 4.618581477168288e-07, 2.487640822098481e-07, 4.482665819703663e-07, 3.8117873133790646e-07, 4.1883166476396024e-07, 3.914266997048085e-07, 4.2066924138349747e-07, 4.259444270441278e-07, 1.907541229312611e-06, 4.486318297742006e-07]"
hMpxV/Mexico/NLE_InDRE_F382/2023|EPI_ISL_17703604|2023-03-10,"[0.0, 0.0, 0.0, 0.0, 0.0, 0.0, 0.0, 0.0, 0.0, 0.0, 0.0, 0.0, 0.0, 0.0, 0.0, 1.0, 0.0, 0.0, 0.0, 0.0, 0.0, 0.0, 0.0, 0.0, 0.0, 0.0, 0.0, 0.0, 0.0, 0.0, 0.0]"
NODE_0000402,"[1.3545879890896297e-11, 2.4643018475799677e-11, 4.5675234623440715e-11, 2.506700280723274e-11, 2.240002960432231e-11, 2.303495397908012e-10, 2.4557337141717595e-11, 2.4649020945222058e-11, 2.4870502687775114e-11, 2.4476750701012208e-11, 2.3969422359142562e-11, 2.4622698262011063e-11, 2.349294715659472e-11, 2.391637767786646e-11, 1.4246691686485485e-11, 0.9999999879541551, 2.357875161028899e-11, 2.4622698262004946e-11, 2.462269826202338e-11, 2.2744765898990758e-11, 1.100198172520283e-08, 2.4943429212343656e-11, 1.2422635217434069e-11, 2.4829535845768194e-11, 1.9353361607216128e-11, 2.3135316740751306e-11, 2.01040042206641e-11, 2.3388655091516108e-11, 2.2997715841581643e-11, 1.8181752218583825e-10, 2.4819663626982678e-11]"
hMpxV/Mexico/NLE_InDRE_F472/2023|EPI_ISL_17703612|2023-03-31,"[0.0, 0.0, 0.0, 0.0, 0.0, 0.0, 0.0, 0.0, 0.0, 0.0, 0.0, 0.0, 0.0, 0.0, 0.0, 0.9999999999999999, 0.0, 0.0, 0.0, 0.0, 0.0, 0.0, 0.0, 0.0, 0.0, 0.0, 0.0, 0.0, 0.0, 0.0, 0.0]"
NODE_0000403,"[1.1287110305222435e-09, 1.784085731631304e-09, 2.762024906625135e-09, 1.8339862488083291e-09, 1.5868538221029866e-09, 1.0034366737230754e-08, 1.780019842951705e-09, 1.7992683047834546e-09, 1.8186146278919095e-09, 1.7896405359171767e-09, 1.7453781224965493e-09, 1.7954745440087217e-09, 1.7512593715401463e-09, 1.7523037765199735e-09, 1.1268772675341032e-09, 0.999999800603746, 1.7459571657987158e-09, 1.7954745440082463e-09, 1.7954745440095274e-09, 1.6849660181427155e-09, 1.3512579813665524e-07, 1.856122206255451e-09, 9.559558899869204e-10, 1.8138459455676872e-09, 1.5033123078516248e-09, 1.6894043937319125e-09, 1.5535287994276172e-09, 1.7004835854027746e-09, 1.7125291966301851e-09, 8.159165994526399e-09, 1.815370329137436e-09]"
hMpxV/Mexico/JAL_InDRE_F242/2023|EPI_ISL_17703594|2023-01-24,"[0.0, 0.0, 0.0, 0.0, 0.0, 0.0, 0.0, 0.0, 0.0, 0.0, 0.0, 0.0, 0.0, 0.0, 0.0, 0.9999999999999999, 0.0, 0.0, 0.0, 0.0, 0.0, 0.0, 0.0, 0.0, 0.0, 0.0, 0.0, 0.0, 0.0, 0.0, 0.0]"
hMpxV/Mexico/NLE_InDRE_F264/2023|EPI_ISL_17703599|2023-02-07,"[0.0, 0.0, 0.0, 0.0, 0.0, 0.0, 0.0, 0.0, 0.0, 0.0, 0.0, 0.0, 0.0, 0.0, 0.0, 1.0, 0.0, 0.0, 0.0, 0.0, 0.0, 0.0, 0.0, 0.0, 0.0, 0.0, 0.0, 0.0, 0.0, 0.0, 0.0]"
NODE_0000404,"[1.532246708243452e-08, 2.3696903509777504e-08, 3.6288976594288395e-08, 2.4244376801052584e-08, 2.147418420770514e-08, 1.2464403209955366e-07, 2.357978307393328e-08, 2.377394229435568e-08, 2.4029166035620885e-08, 2.3655358236438342e-08, 2.3051366323817983e-08, 2.3725192263369814e-08, 2.3217341659505535e-08, 2.32401578585584e-08, 1.5170199730563293e-08, 0.9999976626543905, 2.317963634652495e-08, 2.372519226336664e-08, 2.3725192263375863e-08, 2.239051621809472e-08, 1.4959206772768022e-06, 2.4595406619308798e-08, 1.2898949205243796e-08, 2.39700631942482e-08, 2.0069924005651526e-08, 2.2353878919929735e-08, 2.0687790099709462e-08, 2.2481102356414025e-08, 2.2688586240513357e-08, 1.0555545390669429e-07, 2.3989792888821515e-08]"
hMpxV/Mexico/NLE_InDRE_F252/2023|EPI_ISL_17703597|2023-02-02,"[0.0, 0.0, 0.0, 0.0, 0.0, 0.0, 0.0, 0.0, 0.0, 0.0, 0.0, 0.0, 0.0, 0.0, 0.0, 1.0, 0.0, 0.0, 0.0, 0.0, 0.0, 0.0, 0.0, 0.0, 0.0, 0.0, 0.0, 0.0, 0.0, 0.0, 0.0]"
hMpxV/Mexico/VER_InDRE_F379/2023|EPI_ISL_17672260|2023-03-08,"[0.0, 0.0, 0.0, 0.0, 0.0, 0.0, 0.0, 0.0, 0.0, 0.0, 0.0, 0.0, 0.0, 0.0, 0.0, 1.0, 0.0, 0.0, 0.0, 0.0, 0.0, 0.0, 0.0, 0.0, 0.0, 0.0, 0.0, 0.0, 0.0, 0.0, 0.0]"
NODE_0000354,"[1.90213598630563e-13, 3.3871468611951417e-13, 1.4440875550280764e-11, 2.8219884963490735e-14, 1.8934715979228753e-11, 7.818502646050137e-14, 1.2580798885509254e-13, 2.840046163383416e-14, 2.8488129338153484e-14, 2.8185708590314953e-14, 2.8307699780009023e-14, 2.8257307404075817e-14, 2.696818711053693e-14, 1.1986341664779356e-13, 1.2275872189244185e-13, 1.0363125692673522e-10, 6.264422392577735e-14, 2.825730740407544e-14, 2.825730740407572e-14, 1.153437708413698e-13, 0.9999999464483036, 2.755454072905144e-14, 2.63784572017488e-13, 2.8243175431797138e-14, 3.064861951565778e-14, 3.891394911337913e-14, 2.6419399530938096e-14, 3.85619694072392e-14, 2.7159164217185114e-14, 5.3412772844165135e-08, 2.8367898827443997e-14]"
hMpxV/Peru/LIM-INS-424/2023|EPI_ISL_19343529|2023-02-14,"[0.0, 0.0, 0.0, 0.0, 0.0, 0.0, 0.0, 0.0, 0.0, 0.0, 0.0, 0.0, 0.0, 0.0, 0.0, 0.0, 0.0, 0.0, 0.0, 0.0, 1.0, 0.0, 0.0, 0.0, 0.0, 0.0, 0.0, 0.0, 0.0, 0.0, 0.0]"
NODE_0000370,"[7.403803346305128e-26, 1.0013951788592728e-24, 3.705995748963472e-22, 6.921083255672577e-27, 8.107289160451134e-19, 5.212055980428055e-26, 1.378493640286792e-25, 7.042054540744902e-27, 7.017646433569216e-27, 6.957930069819809e-27, 7.115541357836655e-27, 7.02634250440985e-27, 6.295888400003476e-27, 1.2432705199021836e-25, 8.287139358471052e-26, 1.5140327508320422e-20, 1.0430505790993087e-26, 7.026342504409268e-27, 7.026342504410637e-27, 1.1530142244628877e-25, 1.0, 6.379103208431448e-27, 2.007020260507424e-25, 6.975021478192172e-27, 5.401033989091734e-27, 7.105929809412301e-27, 5.924077441589773e-27, 7.26906210721857e-27, 6.4084925756305196e-27, 6.158671428073644e-20, 6.982695070171775e-27]"
hMpxV/Peru/LIM-INS-401/2023|EPI_ISL_19343470|2023-02-01,"[0.0, 0.0, 0.0, 0.0, 0.0, 0.0, 0.0, 0.0, 0.0, 0.0, 0.0, 0.0, 0.0, 0.0, 0.0, 0.0, 0.0, 0.0, 0.0, 0.0, 1.0, 0.0, 0.0, 0.0, 0.0, 0.0, 0.0, 0.0, 0.0, 0.0, 0.0]"
hMpxV/Peru/LIM-INS-388/2023|EPI_ISL_19343483|2023-01-21,"[0.0, 0.0, 0.0, 0.0, 0.0, 0.0, 0.0, 0.0, 0.0, 0.0, 0.0, 0.0, 0.0, 0.0, 0.0, 0.0, 0.0, 0.0, 0.0, 0.0, 1.0, 0.0, 0.0, 0.0, 0.0, 0.0, 0.0, 0.0, 0.0, 0.0, 0.0]"
hMpxV/Peru/LIM-INS-410/2023|EPI_ISL_19343485|2023-02-06,"[0.0, 0.0, 0.0, 0.0, 0.0, 0.0, 0.0, 0.0, 0.0, 0.0, 0.0, 0.0, 0.0, 0.0, 0.0, 0.0, 0.0, 0.0, 0.0, 0.0, 1.0, 0.0, 0.0, 0.0, 0.0, 0.0, 0.0, 0.0, 0.0, 0.0, 0.0]"
hMpxV/Peru/LIM-INS-418/2023|EPI_ISL_19343493|2023-02-09,"[0.0, 0.0, 0.0, 0.0, 0.0, 0.0, 0.0, 0.0, 0.0, 0.0, 0.0, 0.0, 0.0, 0.0, 0.0, 0.0, 0.0, 0.0, 0.0, 0.0, 1.0, 0.0, 0.0, 0.0, 0.0, 0.0, 0.0, 0.0, 0.0, 0.0, 0.0]"
hMpxV/Peru/LIM-INS-439/2023|EPI_ISL_19343533|2023-01-06,"[0.0, 0.0, 0.0, 0.0, 0.0, 0.0, 0.0, 0.0, 0.0, 0.0, 0.0, 0.0, 0.0, 0.0, 0.0, 0.0, 0.0, 0.0, 0.0, 0.0, 1.0, 0.0, 0.0, 0.0, 0.0, 0.0, 0.0, 0.0, 0.0, 0.0, 0.0]"
hMpxV/Peru/LIM-INS-389/2023|EPI_ISL_19343548|2023-01-11,"[0.0, 0.0, 0.0, 0.0, 0.0, 0.0, 0.0, 0.0, 0.0, 0.0, 0.0, 0.0, 0.0, 0.0, 0.0, 0.0, 0.0, 0.0, 0.0, 0.0, 1.0, 0.0, 0.0, 0.0, 0.0, 0.0, 0.0, 0.0, 0.0, 0.0, 0.0]"
hMpxV/Peru/LIM-INS-380/2023|EPI_ISL_19343566|2023-01-11,"[0.0, 0.0, 0.0, 0.0, 0.0, 0.0, 0.0, 0.0, 0.0, 0.0, 0.0, 0.0, 0.0, 0.0, 0.0, 0.0, 0.0, 0.0, 0.0, 0.0, 1.0, 0.0, 0.0, 0.0, 0.0, 0.0, 0.0, 0.0, 0.0, 0.0, 0.0]"
hMpxV/Chile/RM-ISP-3703/2023|EPI_ISL_19345365|2023-01-13,"[0.0, 0.0, 0.0, 0.0, 1.0, 0.0, 0.0, 0.0, 0.0, 0.0, 0.0, 0.0, 0.0, 0.0, 0.0, 0.0, 0.0, 0.0, 0.0, 0.0, 0.0, 0.0, 0.0, 0.0, 0.0, 0.0, 0.0, 0.0, 0.0, 0.0, 0.0]"
NODE_0000367,"[2.3074909228134938e-09, 5.441464667421535e-09, 4.125043566875053e-08, 8.703400448073716e-10, 8.12834142609274e-08, 1.8423817106638389e-09, 2.6270426024536254e-09, 8.605682304163405e-10, 8.678659639537189e-10, 8.580977915330055e-10, 8.430329486218977e-10, 8.572579505195157e-10, 8.584294236860054e-10, 2.5710632676526214e-09, 2.1021660713335252e-09, 1.8899263125606056e-07, 1.0256292387293474e-09, 8.572579505194898e-10, 8.572579505195311e-10, 2.5153661284132787e-09, 0.9999992249741154, 8.875930125262303e-10, 2.52674104412299e-09, 8.635265863599532e-10, 8.255807195142674e-10, 8.360970246719986e-10, 8.554044115931121e-10, 8.364501180100066e-10, 8.488043664012787e-10, 4.259901716314253e-07, 8.663215873925086e-10]"
hMpxV/Peru/LIM-INS-405/2023|EPI_ISL_19343509|2023-02-09,"[0.0, 0.0, 0.0, 0.0, 0.0, 0.0, 0.0, 0.0, 0.0, 0.0, 0.0, 0.0, 0.0, 0.0, 0.0, 0.0, 0.0, 0.0, 0.0, 0.0, 1.0, 0.0, 0.0, 0.0, 0.0, 0.0, 0.0, 0.0, 0.0, 0.0, 0.0]"
NODE_0000368,"[1.8611984317058437e-42, 1.397374573599433e-40, 8.456980202461185e-36, 1.4012019486449375e-44, 2.1877123280661314e-34, 6.430995033150127e-43, 3.815056594238102e-42, 1.4956993410988005e-44, 1.4734088089263396e-44, 1.4603561294651317e-44, 1.5784430918333716e-44, 1.4803835343931793e-44, 1.2012987750106055e-44, 3.1391968654753474e-42, 2.059556039394387e-42, 3.290255392232949e-32, 3.495416360666696e-44, 1.4803835343930777e-44, 1.4803835343934962e-44, 2.81844142761201e-42, 0.9999999999999999, 1.1663594216495562e-44, 1.446242216783578e-41, 1.4413490366506731e-44, 1.1007657014385106e-44, 1.696718777562027e-44, 1.2202849460340872e-44, 1.7632380274190248e-44, 1.2942167475996677e-44, 7.41234938199912e-31, 1.4547095337605207e-44]"
hMpxV/Peru/MOQ-INS-459/2023|EPI_ISL_19343464|2023-04-03,"[0.0, 0.0, 0.0, 0.0, 0.0, 0.0, 0.0, 0.0, 0.0, 0.0, 0.0, 0.0, 0.0, 0.0, 0.0, 0.0, 0.0, 0.0, 0.0, 0.0, 1.0, 0.0, 0.0, 0.0, 0.0, 0.0, 0.0, 0.0, 0.0, 0.0, 0.0]"
hMpxV/Peru/MOQ-INS-454/2023|EPI_ISL_19343465|2023-03-24,"[0.0, 0.0, 0.0, 0.0, 0.0, 0.0, 0.0, 0.0, 0.0, 0.0, 0.0, 0.0, 0.0, 0.0, 0.0, 0.0, 0.0, 0.0, 0.0, 0.0, 1.0, 0.0, 0.0, 0.0, 0.0, 0.0, 0.0, 0.0, 0.0, 0.0, 0.0]"
hMpxV/Peru/TAC-INS-426/2023|EPI_ISL_19343472|2023-02-21,"[0.0, 0.0, 0.0, 0.0, 0.0, 0.0, 0.0, 0.0, 0.0, 0.0, 0.0, 0.0, 0.0, 0.0, 0.0, 0.0, 0.0, 0.0, 0.0, 0.0, 1.0, 0.0, 0.0, 0.0, 0.0, 0.0, 0.0, 0.0, 0.0, 0.0, 0.0]"
hMpxV/Peru/LIM-INS-474/2023|EPI_ISL_19343522|2023-03-14,"[0.0, 0.0, 0.0, 0.0, 0.0, 0.0, 0.0, 0.0, 0.0, 0.0, 0.0, 0.0, 0.0, 0.0, 0.0, 0.0, 0.0, 0.0, 0.0, 0.0, 1.0, 0.0, 0.0, 0.0, 0.0, 0.0, 0.0, 0.0, 0.0, 0.0, 0.0]"
hMpxV/Peru/LIM-INS-458/2023|EPI_ISL_19343527|2023-04-04,"[0.0, 0.0, 0.0, 0.0, 0.0, 0.0, 0.0, 0.0, 0.0, 0.0, 0.0, 0.0, 0.0, 0.0, 0.0, 0.0, 0.0, 0.0, 0.0, 0.0, 1.0, 0.0, 0.0, 0.0, 0.0, 0.0, 0.0, 0.0, 0.0, 0.0, 0.0]"
hMpxV/Peru/LIM-INS-448/2023|EPI_ISL_19343544|2023-03-18,"[0.0, 0.0, 0.0, 0.0, 0.0, 0.0, 0.0, 0.0, 0.0, 0.0, 0.0, 0.0, 0.0, 0.0, 0.0, 0.0, 0.0, 0.0, 0.0, 0.0, 1.0, 0.0, 0.0, 0.0, 0.0, 0.0, 0.0, 0.0, 0.0, 0.0, 0.0]"
hMpxV/Peru/TAC-INS-468/2023|EPI_ISL_19343577|2023-02-24,"[0.0, 0.0, 0.0, 0.0, 0.0, 0.0, 0.0, 0.0, 0.0, 0.0, 0.0, 0.0, 0.0, 0.0, 0.0, 0.0, 0.0, 0.0, 0.0, 0.0, 1.0, 0.0, 0.0, 0.0, 0.0, 0.0, 0.0, 0.0, 0.0, 0.0, 0.0]"
hMpxV/Peru/TAC-INS-481/2023|EPI_ISL_19343578|2023-02-24,"[0.0, 0.0, 0.0, 0.0, 0.0, 0.0, 0.0, 0.0, 0.0, 0.0, 0.0, 0.0, 0.0, 0.0, 0.0, 0.0, 0.0, 0.0, 0.0, 0.0, 1.0, 0.0, 0.0, 0.0, 0.0, 0.0, 0.0, 0.0, 0.0, 0.0, 0.0]"
hMpxV/Peru/TAC-INS-463/2023|EPI_ISL_19343581|2023-02-20,"[0.0, 0.0, 0.0, 0.0, 0.0, 0.0, 0.0, 0.0, 0.0, 0.0, 0.0, 0.0, 0.0, 0.0, 0.0, 0.0, 0.0, 0.0, 0.0, 0.0, 1.0, 0.0, 0.0, 0.0, 0.0, 0.0, 0.0, 0.0, 0.0, 0.0, 0.0]"
hMpxV/Peru/TAC-INS-423/2023|EPI_ISL_19343582|2023-02-15,"[0.0, 0.0, 0.0, 0.0, 0.0, 0.0, 0.0, 0.0, 0.0, 0.0, 0.0, 0.0, 0.0, 0.0, 0.0, 0.0, 0.0, 0.0, 0.0, 0.0, 1.0, 0.0, 0.0, 0.0, 0.0, 0.0, 0.0, 0.0, 0.0, 0.0, 0.0]"
hMpxV/Peru/TAC-INS-421/2023|EPI_ISL_19343575|2023-02-14,"[0.0, 0.0, 0.0, 0.0, 0.0, 0.0, 0.0, 0.0, 0.0, 0.0, 0.0, 0.0, 0.0, 0.0, 0.0, 0.0, 0.0, 0.0, 0.0, 0.0, 1.0, 0.0, 0.0, 0.0, 0.0, 0.0, 0.0, 0.0, 0.0, 0.0, 0.0]"
hMpxV/Peru/TAC-INS-409/2023|EPI_ISL_19343583|2023-02-02,"[0.0, 0.0, 0.0, 0.0, 0.0, 0.0, 0.0, 0.0, 0.0, 0.0, 0.0, 0.0, 0.0, 0.0, 0.0, 0.0, 0.0, 0.0, 0.0, 0.0, 1.0, 0.0, 0.0, 0.0, 0.0, 0.0, 0.0, 0.0, 0.0, 0.0, 0.0]"
hMpxV/Peru/MDD-INS-475/2023|EPI_ISL_19343586|2023-03-08,"[0.0, 0.0, 0.0, 0.0, 0.0, 0.0, 0.0, 0.0, 0.0, 0.0, 0.0, 0.0, 0.0, 0.0, 0.0, 0.0, 0.0, 0.0, 0.0, 0.0, 1.0, 0.0, 0.0, 0.0, 0.0, 0.0, 0.0, 0.0, 0.0, 0.0, 0.0]"
hMpxV/Peru/CUS-INS-471/2023|EPI_ISL_19343590|2023-03-01,"[0.0, 0.0, 0.0, 0.0, 0.0, 0.0, 0.0, 0.0, 0.0, 0.0, 0.0, 0.0, 0.0, 0.0, 0.0, 0.0, 0.0, 0.0, 0.0, 0.0, 1.0, 0.0, 0.0, 0.0, 0.0, 0.0, 0.0, 0.0, 0.0, 0.0, 0.0]"
NODE_0000369,"[2.6762239483455227e-09, 5.916996394225276e-09, 4.291398726577141e-08, 1.0534884528948416e-09, 8.127353136512862e-08, 2.1411972899223924e-09, 2.9582827112277008e-09, 1.0424470248190862e-09, 1.0524376787970752e-09, 1.0387687655141441e-09, 1.0201076385823313e-09, 1.0368161371351093e-09, 1.0399145900943426e-09, 2.898357524977998e-09, 2.360437915157522e-09, 1.8662184258405423e-07, 1.2521910374427954e-09, 1.0368161371351029e-09, 1.0368161371353196e-09, 2.840890497386613e-09, 0.9999992182269343, 1.0772936858324716e-09, 2.8217533994059904e-09, 1.0447779723766105e-09, 1.0155299572558522e-09, 1.018808513345489e-09, 1.0431049639751976e-09, 1.0183497150288402e-09, 1.029963137872179e-09, 4.274421410444442e-07, 1.0497920988569098e-09]"
hMpxV/Peru/LIM-INS-449/2023|EPI_ISL_19343537|2023-03-22,"[0.0, 0.0, 0.0, 0.0, 0.0, 0.0, 0.0, 0.0, 0.0, 0.0, 0.0, 0.0, 0.0, 0.0, 0.0, 0.0, 0.0, 0.0, 0.0, 0.0, 1.0, 0.0, 0.0, 0.0, 0.0, 0.0, 0.0, 0.0, 0.0, 0.0, 0.0]"
hMpxV/Peru/LIM-INS-462/2023|EPI_ISL_19343552|2023-04-21,"[0.0, 0.0, 0.0, 0.0, 0.0, 0.0, 0.0, 0.0, 0.0, 0.0, 0.0, 0.0, 0.0, 0.0, 0.0, 0.0, 0.0, 0.0, 0.0, 0.0, 1.0, 0.0, 0.0, 0.0, 0.0, 0.0, 0.0, 0.0, 0.0, 0.0, 0.0]"
NODE_0000355,"[3.988722615747732e-08, 3.2938426227282104e-08, 5.423752813399421e-07, 8.718509673591516e-09, 2.734315962664231e-07, 1.5167296951185685e-08, 1.9533289835046303e-08, 8.701723912583289e-09, 8.744345348536554e-09, 8.658366797772298e-09, 8.611891474139124e-09, 8.67278534217864e-09, 8.448585153552836e-09, 1.9011079789100145e-08, 2.2554801584388033e-08, 1.1351964752635107e-06, 2.0174807014257866e-08, 8.67278534218338e-09, 8.672785342181639e-09, 1.8462271788746023e-08, 0.9829638117636599, 8.686182928370064e-09, 4.248658879436392e-08, 8.698166517358497e-09, 1.0160491826922321e-08, 1.285681241055575e-08, 8.136992792480839e-09, 1.2633163010406268e-08, 8.415830279201263e-09, 0.01703385080590351, 8.721877263101082e-09]"
hMpxV/USA/CA-LACPHL-MA00408/2023|EPI_ISL_16997442|2023-01-11,"[0.0, 0.0, 0.0, 0.0, 0.0, 0.0, 0.0, 0.0, 0.0, 0.0, 0.0, 0.0, 0.0, 0.0, 0.0, 0.0, 0.0, 0.0, 0.0, 0.0, 0.0, 0.0, 0.0, 0.0, 0.0, 0.0, 0.0, 0.0, 0.0, 0.9999999999999999, 0.0]"
hMpxV/Peru/LIM-INS-377/2023|EPI_ISL_19343474|2023-01-13,"[0.0, 0.0, 0.0, 0.0, 0.0, 0.0, 0.0, 0.0, 0.0, 0.0, 0.0, 0.0, 0.0, 0.0, 0.0, 0.0, 0.0, 0.0, 0.0, 0.0, 1.0, 0.0, 0.0, 0.0, 0.0, 0.0, 0.0, 0.0, 0.0, 0.0, 0.0]"
NODE_0000356,"[1.1590128371098574e-05, 1.7713750376404233e-05, 7.249666341477062e-05, 6.166789507739654e-06, 0.00010140848159005153, 9.62365061913056e-06, 1.1395400980078734e-05, 6.0868790991330145e-06, 6.169150005962572e-06, 6.063643997517518e-06, 5.915335782807455e-06, 6.035180637672092e-06, 6.149460986270178e-06, 1.1321718807718023e-05, 9.288354432744122e-06, 0.00018394467983408997, 7.1648085667798085e-06, 6.0351806376720895e-06, 6.0351806376721446e-06, 1.1180214416171312e-05, 0.998997940151292, 6.4152375563546555e-06, 9.959185137662614e-06, 6.099506264007115e-06, 6.216415820693873e-06, 5.981540474676907e-06, 6.2192576012263794e-06, 5.953839989237871e-06, 6.071929780079056e-06, 0.00044121054631084534, 6.1477370717665385e-06]"
NODE_0000366,"[5.654359177795249e-10, 1.1973816925714493e-09, 8.246730780355514e-09, 2.2930396348889225e-10, 1.5050520365611246e-08, 4.535004443975383e-10, 6.158909864453969e-10, 2.2682213923213446e-10, 2.2908095469733936e-10, 2.2602691707295567e-10, 2.2179125043415684e-10, 2.2554650979113338e-10, 2.266110907257172e-10, 6.0439568043164e-10, 4.928265504108887e-10, 3.399329647740043e-08, 2.716746395168921e-10, 2.2554650979113307e-10, 2.2554650979118306e-10, 5.928101163074155e-10, 0.999999854413236, 2.348849925911708e-10, 5.829458300844077e-10, 2.2735585414032512e-10, 2.2179629029486496e-10, 2.217611202325509e-10, 2.2717380872668236e-10, 2.2156895562647787e-10, 2.2426150590823262e-10, 7.907577972463951e-08, 2.284964393665103e-10]"
hMpxV/Peru/LIM-INS-553/2024|EPI_ISL_19449529|2024-07-04,"[0.0, 0.0, 0.0, 0.0, 0.0, 0.0, 0.0, 0.0, 0.0, 0.0, 0.0, 0.0, 0.0, 0.0, 0.0, 0.0, 0.0, 0.0, 0.0, 0.0, 0.9999999999999999, 0.0, 0.0, 0.0, 0.0, 0.0, 0.0, 0.0, 0.0, 0.0, 0.0]"
hMpxV/Peru/LIM-INS-558/2024|EPI_ISL_19449534|2024-07-02,"[0.0, 0.0, 0.0, 0.0, 0.0, 0.0, 0.0, 0.0, 0.0, 0.0, 0.0, 0.0, 0.0, 0.0, 0.0, 0.0, 0.0, 0.0, 0.0, 0.0, 1.0, 0.0, 0.0, 0.0, 0.0, 0.0, 0.0, 0.0, 0.0, 0.0, 0.0]"
NODE_0000357,"[1.09843737830686e-11, 3.3177868791586715e-13, 1.6781861647308415e-11, 2.0231987085452923e-14, 2.7813812224349107e-11, 6.527578602050563e-14, 1.0917946777743398e-13, 2.0419634931894012e-14, 2.0533928976801704e-14, 2.0203101551857354e-14, 2.0330616206984754e-14, 2.025576319856352e-14, 1.906232234872726e-14, 1.0275941303150516e-13, 1.0418038463377326e-13, 1.273192833357552e-10, 2.7375306996170574e-14, 2.025576319856279e-14, 2.0255763198564086e-14, 9.805459562283412e-14, 0.999999999011621, 1.957215697980558e-14, 1.248238609134123e-13, 2.0264010833786718e-14, 2.6066182923071164e-14, 2.0788529349766286e-14, 1.8697796246322734e-14, 2.1008808010960607e-14, 1.9309753004973107e-14, 8.041684878602262e-10, 2.0408385578678713e-14]"
hMpxV/Australia/VIC-VIDRL-2388/2024|EPI_ISL_19459749|2024-04-18,"[1.0, 0.0, 0.0, 0.0, 0.0, 0.0, 0.0, 0.0, 0.0, 0.0, 0.0, 0.0, 0.0, 0.0, 0.0, 0.0, 0.0, 0.0, 0.0, 0.0, 0.0, 0.0, 0.0, 0.0, 0.0, 0.0, 0.0, 0.0, 0.0, 0.0, 0.0]"
hMpxV/Peru/LIM-INS-525/2024|EPI_ISL_19353804|2024-04-05,"[0.0, 0.0, 0.0, 0.0, 0.0, 0.0, 0.0, 0.0, 0.0, 0.0, 0.0, 0.0, 0.0, 0.0, 0.0, 0.0, 0.0, 0.0, 0.0, 0.0, 1.0, 0.0, 0.0, 0.0, 0.0, 0.0, 0.0, 0.0, 0.0, 0.0, 0.0]"
hMpxV/Peru/LIM-INS-532/2024|EPI_ISL_19353819|2024-03-14,"[0.0, 0.0, 0.0, 0.0, 0.0, 0.0, 0.0, 0.0, 0.0, 0.0, 0.0, 0.0, 0.0, 0.0, 0.0, 0.0, 0.0, 0.0, 0.0, 0.0, 1.0, 0.0, 0.0, 0.0, 0.0, 0.0, 0.0, 0.0, 0.0, 0.0, 0.0]"
NODE_0000358,"[3.895647255264862e-10, 1.0025202483343108e-09, 1.3120304924236417e-08, 1.2271784340873462e-10, 2.799543115694967e-08, 2.9376716002402874e-10, 4.2958882510046186e-10, 1.2222380354191331e-10, 1.233759108155535e-10, 1.21500566940321e-10, 1.2005560434703253e-10, 1.2124932316584436e-10, 1.2007541055737315e-10, 4.1641970389744447e-10, 3.321272324030859e-10, 8.582613419436804e-08, 1.5566108870490325e-10, 1.2124932316584237e-10, 1.2124932316584532e-10, 4.0665762204005266e-10, 0.9999996257645716, 1.2413924583671012e-10, 4.4742763638169436e-10, 1.2195045514679022e-10, 1.192461475507734e-10, 1.2176536510912292e-10, 1.2155639746929368e-10, 1.2189549577683285e-10, 1.1987914426274488e-10, 2.413528468907612e-07, 1.2284760514469211e-10]"
hMpxV/Peru/LIM-INS-563/2024|EPI_ISL_19449539|2024-06-05,"[0.0, 0.0, 0.0, 0.0, 0.0, 0.0, 0.0, 0.0, 0.0, 0.0, 0.0, 0.0, 0.0, 0.0, 0.0, 0.0, 0.0, 0.0, 0.0, 0.0, 1.0, 0.0, 0.0, 0.0, 0.0, 0.0, 0.0, 0.0, 0.0, 0.0, 0.0]"
hMpxV/Peru/CAL-INS-524/2024|EPI_ISL_19353791|2024-04-06,"[0.0, 0.0, 0.0, 0.0, 0.0, 0.0, 0.0, 0.0, 0.0, 0.0, 0.0, 0.0, 0.0, 0.0, 0.0, 0.0, 0.0, 0.0, 0.0, 0.0, 1.0, 0.0, 0.0, 0.0, 0.0, 0.0, 0.0, 0.0, 0.0, 0.0, 0.0]"
NODE_0000359,"[5.680194501063989e-08, 1.178002668658488e-07, 8.022293392313412e-07, 2.3379514339515133e-08, 1.4502437965421199e-06, 4.5601536480926876e-08, 6.12249613629286e-08, 2.3137313103639588e-08, 2.3378574745675946e-08, 2.3048301772975016e-08, 2.2616243533193632e-08, 2.2990091331683364e-08, 2.310774459969031e-08, 6.00887219981896e-08, 4.8874413133287544e-08, 3.263913078703158e-06, 2.783580802690996e-08, 2.299009133168292e-08, 2.299009133168353e-08, 5.8985796181573176e-08, 0.999985958295201, 2.397196240076617e-08, 5.777766113251053e-08, 2.3176752401015755e-08, 2.2781294745096815e-08, 2.268244942464464e-08, 2.3251219505975093e-08, 2.2655328001129964e-08, 2.289350360587718e-08, 7.59796666069992e-06, 2.331033735504108e-08]"
hMpxV/Peru/LIM-INS-550/2024|EPI_ISL_19449526|2024-07-25,"[0.0, 0.0, 0.0, 0.0, 0.0, 0.0, 0.0, 0.0, 0.0, 0.0, 0.0, 0.0, 0.0, 0.0, 0.0, 0.0, 0.0, 0.0, 0.0, 0.0, 1.0, 0.0, 0.0, 0.0, 0.0, 0.0, 0.0, 0.0, 0.0, 0.0, 0.0]"
hMpxV/Peru/LIM-INS-559/2024|EPI_ISL_19449535|2024-08-05,"[0.0, 0.0, 0.0, 0.0, 0.0, 0.0, 0.0, 0.0, 0.0, 0.0, 0.0, 0.0, 0.0, 0.0, 0.0, 0.0, 0.0, 0.0, 0.0, 0.0, 1.0, 0.0, 0.0, 0.0, 0.0, 0.0, 0.0, 0.0, 0.0, 0.0, 0.0]"
NODE_0000360,"[1.4470603371652794e-15, 6.5613762388327415e-15, 3.5635662856468575e-13, 2.4354150533488633e-16, 1.161350001661202e-12, 9.569938911054297e-16, 1.7673680627374104e-15, 2.454838926328992e-16, 2.468210578087151e-16, 2.432496592793264e-16, 2.440567709055525e-16, 2.433512078886173e-16, 2.330079803136456e-16, 1.6660753604446816e-15, 1.2840834441471275e-15, 6.850533841162475e-12, 3.474365311300718e-16, 2.433512078885956e-16, 2.433512078885964e-16, 1.6046138773839717e-15, 0.999999999964415, 2.384439171766502e-16, 2.2887016986561e-15, 2.4341643593065813e-16, 2.290787423108058e-16, 2.5036229430220226e-16, 2.365281747270164e-16, 2.5218740590886143e-16, 2.3581492013085105e-16, 2.719532491235302e-11, 2.453684134467611e-16]"
hMpxV/Peru/LIM-INS-562/2024|EPI_ISL_19449538|2024-07-04,"[0.0, 0.0, 0.0, 0.0, 0.0, 0.0, 0.0, 0.0, 0.0, 0.0, 0.0, 0.0, 0.0, 0.0, 0.0, 0.0, 0.0, 0.0, 0.0, 0.0, 0.9999999999999999, 0.0, 0.0, 0.0, 0.0, 0.0, 0.0, 0.0, 0.0, 0.0, 0.0]"
hMpxV/Peru/CAL-INS-521/2024|EPI_ISL_19353792|2024-04-23,"[0.0, 0.0, 0.0, 0.0, 0.0, 0.0, 0.0, 0.0, 0.0, 0.0, 0.0, 0.0, 0.0, 0.0, 0.0, 0.0, 0.0, 0.0, 0.0, 0.0, 1.0, 0.0, 0.0, 0.0, 0.0, 0.0, 0.0, 0.0, 0.0, 0.0, 0.0]"
NODE_0000365,"[6.278440410363982e-10, 1.4448783196979908e-09, 1.0758637094390469e-08, 2.406906454898503e-10, 2.087387151060227e-08, 5.017232734605172e-10, 7.070622329255976e-10, 2.380438785879454e-10, 2.401566641725834e-10, 2.3730797947303195e-10, 2.3309768299673904e-10, 2.3699991850100926e-10, 2.3747871960890066e-10, 6.923110128679332e-10, 5.653179985486583e-10, 4.828412497031754e-08, 2.8439502292059567e-10, 2.3699991850100693e-10, 2.36999918501058e-10, 6.777750444379242e-10, 0.9999998003798545, 2.457126963319204e-10, 6.778248960219731e-10, 2.387673241218265e-10, 2.2960034210351934e-10, 2.3173784367796813e-10, 2.3715875261503736e-10, 2.3176187991981284e-10, 2.349355518755928e-10, 1.0949726096884286e-07, 2.396692281237065e-10]"
hMpxV/Peru/LIM-INS-565/2024|EPI_ISL_19449541|2024-06-15,"[0.0, 0.0, 0.0, 0.0, 0.0, 0.0, 0.0, 0.0, 0.0, 0.0, 0.0, 0.0, 0.0, 0.0, 0.0, 0.0, 0.0, 0.0, 0.0, 0.0, 1.0, 0.0, 0.0, 0.0, 0.0, 0.0, 0.0, 0.0, 0.0, 0.0, 0.0]"
hMpxV/Peru/LIM-INS-572/2024|EPI_ISL_19449548|2024-06-06,"[0.0, 0.0, 0.0, 0.0, 0.0, 0.0, 0.0, 0.0, 0.0, 0.0, 0.0, 0.0, 0.0, 0.0, 0.0, 0.0, 0.0, 0.0, 0.0, 0.0, 1.0, 0.0, 0.0, 0.0, 0.0, 0.0, 0.0, 0.0, 0.0, 0.0, 0.0]"
NODE_0000363,"[8.638868725840464e-08, 1.8353627563089484e-07, 1.2947614124777186e-06, 3.491934602052765e-08, 2.392412077580853e-06, 6.920796846115306e-08, 9.377412813738576e-08, 3.456919711101599e-08, 3.4924009555400875e-08, 3.443332091331294e-08, 3.380586065389152e-08, 3.4349530124362564e-08, 3.4486952854236977e-08, 9.193672816480116e-08, 7.469486394995957e-08, 5.450680806503207e-06, 4.1723584060545945e-08, 3.434953012436214e-08, 3.4349530124362584e-08, 9.02178005250635e-08, 0.9999768456259138, 3.576847454779503e-08, 8.898306613477525e-08, 3.462113327218464e-08, 3.3996006962546884e-08, 3.390784180356144e-08, 3.473279091998253e-08, 3.3874319107037544e-08, 3.419145699175858e-08, 1.260995686885943e-05, 3.482051691824283e-08]"
hMpxV/Peru/LIM-INS-560/2024|EPI_ISL_19449536|2024-07-29,"[0.0, 0.0, 0.0, 0.0, 0.0, 0.0, 0.0, 0.0, 0.0, 0.0, 0.0, 0.0, 0.0, 0.0, 0.0, 0.0, 0.0, 0.0, 0.0, 0.0, 1.0, 0.0, 0.0, 0.0, 0.0, 0.0, 0.0, 0.0, 0.0, 0.0, 0.0]"
NODE_0000364,"[7.958709660085968e-11, 1.9641243049081195e-10, 1.627114270191363e-09, 2.8905729123469857e-11, 3.3361033130051692e-09, 6.320054397229796e-11, 9.199284009357987e-11, 2.8578344039895467e-11, 2.880229456651281e-11, 2.8503569375086762e-11, 2.8018586767746653e-11, 2.8490404188667264e-11, 2.84833138426899e-11, 8.991601947300352e-11, 7.361485975281136e-11, 8.232259904037578e-09, 3.40491813780319e-11, 2.849040418866672e-11, 2.849040418867309e-11, 8.785021098119401e-11, 0.999999966286506, 2.94154316765182e-11, 8.955903492639606e-11, 2.8690046393986824e-11, 2.7181033826268325e-11, 2.771859602211451e-11, 2.8279695587138023e-11, 2.77454460183749e-11, 2.8146637152709123e-11, 1.9229133648129715e-08, 2.8760681807195856e-11]"
hMpxV/Peru/LIM-INS-555/2024|EPI_ISL_19449531|2024-06-11,"[0.0, 0.0, 0.0, 0.0, 0.0, 0.0, 0.0, 0.0, 0.0, 0.0, 0.0, 0.0, 0.0, 0.0, 0.0, 0.0, 0.0, 0.0, 0.0, 0.0, 1.0, 0.0, 0.0, 0.0, 0.0, 0.0, 0.0, 0.0, 0.0, 0.0, 0.0]"
hMpxV/Peru/LIM-INS-568/2024|EPI_ISL_19449544|2024-06-21,"[0.0, 0.0, 0.0, 0.0, 0.0, 0.0, 0.0, 0.0, 0.0, 0.0, 0.0, 0.0, 0.0, 0.0, 0.0, 0.0, 0.0, 0.0, 0.0, 0.0, 0.9999999999999999, 0.0, 0.0, 0.0, 0.0, 0.0, 0.0, 0.0, 0.0, 0.0, 0.0]"
NODE_0000361,"[2.5949740252467486e-09, 5.741877706067499e-09, 4.1660813731938145e-08, 1.0209839958878947e-09, 7.8934236415363e-08, 2.0761578099373584e-09, 2.8695924326526823e-09, 1.010268755713932e-09, 1.0199352401734387e-09, 1.0067149344180936e-09, 9.886315919343678e-10, 1.004835732978273e-09, 1.0078227654450206e-09, 2.811441396596162e-09, 2.289810664520555e-09, 1.8126872539815074e-07, 1.2133594396283467e-09, 1.0048357329782692e-09, 1.0048357329784805e-09, 2.7556266278517545e-09, 0.9999992408344255, 1.0440196565877702e-09, 2.737387447710949e-09, 1.0125480983876066e-09, 9.83959537116192e-10, 9.872659122269324e-10, 1.0108035872746249e-09, 9.868328962588785e-10, 9.981468276380849e-10, 4.151017471578515e-07, 1.0173832512299765e-09]"
hMpxV/Peru/LIM-INS-510/2024|EPI_ISL_19353795|2024-05-21,"[0.0, 0.0, 0.0, 0.0, 0.0, 0.0, 0.0, 0.0, 0.0, 0.0, 0.0, 0.0, 0.0, 0.0, 0.0, 0.0, 0.0, 0.0, 0.0, 0.0, 1.0, 0.0, 0.0, 0.0, 0.0, 0.0, 0.0, 0.0, 0.0, 0.0, 0.0]"
NODE_0000362,"[1.5558685104894647e-12, 4.83312193715645e-12, 7.335898535298871e-11, 4.3168087854960405e-13, 1.7700546071426227e-10, 1.164637368131141e-12, 1.862490226019024e-12, 4.29260880684445e-13, 4.3203181050826497e-13, 4.274029524715476e-13, 4.229922150437409e-13, 4.275400537665282e-13, 4.211915405785688e-13, 1.798551753619712e-12, 1.447287601384313e-12, 5.671512247197221e-10, 5.375749425477484e-13, 4.2754005376650587e-13, 4.275400537665221e-13, 1.7474280022434829e-12, 0.9999999976370314, 4.3323770369316076e-13, 1.9923640054241776e-12, 4.295238893999984e-13, 4.022468683954198e-13, 4.21480565475721e-13, 4.196546769017041e-13, 4.229581757474322e-13, 4.1902168652499057e-13, 1.5212871990846345e-09, 4.3096983129953914e-13]"
hMpxV/Peru/LIM-INS-551/2024|EPI_ISL_19449527|2024-07-12,"[0.0, 0.0, 0.0, 0.0, 0.0, 0.0, 0.0, 0.0, 0.0, 0.0, 0.0, 0.0, 0.0, 0.0, 0.0, 0.0, 0.0, 0.0, 0.0, 0.0, 1.0, 0.0, 0.0, 0.0, 0.0, 0.0, 0.0, 0.0, 0.0, 0.0, 0.0]"
hMpxV/Peru/LIM-INS-564/2024|EPI_ISL_19449540|2024-07-11,"[0.0, 0.0, 0.0, 0.0, 0.0, 0.0, 0.0, 0.0, 0.0, 0.0, 0.0, 0.0, 0.0, 0.0, 0.0, 0.0, 0.0, 0.0, 0.0, 0.0, 0.9999999999999999, 0.0, 0.0, 0.0, 0.0, 0.0, 0.0, 0.0, 0.0, 0.0, 0.0]"
hMpxV/Peru/ICA-INS-574/2024|EPI_ISL_19449550|2024-07-22,"[0.0, 0.0, 0.0, 0.0, 0.0, 0.0, 0.0, 0.0, 0.0, 0.0, 0.0, 0.0, 0.0, 0.0, 0.0, 0.0, 0.0, 0.0, 0.0, 0.0, 1.0, 0.0, 0.0, 0.0, 0.0, 0.0, 0.0, 0.0, 0.0, 0.0, 0.0]"
NODE_0000379,"[8.98465062206801e-06, 2.28221066376953e-06, 4.080387099229487e-05, 1.6171893120361407e-06, 5.467273002306298e-06, 1.8856627385740107e-06, 1.9751037674952857e-06, 1.6248326355196424e-06, 1.6347233733431013e-06, 1.6126296196059928e-06, 1.611475437828449e-06, 1.6137141524753714e-06, 1.560475314480115e-06, 1.9473506454072617e-06, 3.15741375636885e-06, 2.8050154932299287e-05, 6.527698741501341e-06, 1.6137141524754207e-06, 1.6137141524753934e-06, 1.88232380516679e-06, 0.002272990212198125, 1.6068637602538315e-06, 7.922062998843236e-06, 1.6165779565943302e-06, 2.3494373550755778e-06, 3.434957327925689e-06, 1.486042266662511e-06, 3.3103850866551177e-06, 1.56218710041057e-06, 0.9975846282050836, 1.6268870483511547e-06]"
hMpxV/USA/CA-CDPH-1M1000243/2023|EPI_ISL_18458962|2023-04-13,"[0.0, 0.0, 0.0, 0.0, 0.0, 0.0, 0.0, 0.0, 0.0, 0.0, 0.0, 0.0, 0.0, 0.0, 0.0, 0.0, 0.0, 0.0, 0.0, 0.0, 0.0, 0.0, 0.0, 0.0, 0.0, 0.0, 0.0, 0.0, 0.0, 0.9999999999999999, 0.0]"
NODE_0000380,"[1.0624024211029316e-08, 1.2739435292300837e-09, 4.7625923799987445e-08, 1.1137172947089697e-09, 2.39668196069545e-09, 1.1835877678736467e-09, 1.2116970164239733e-09, 1.1270529062801254e-09, 1.1289686068878158e-09, 1.1174906557708698e-09, 1.1291190354424623e-09, 1.1219581184635395e-09, 1.058270744989428e-09, 1.1899005231954064e-09, 2.6332343516471922e-09, 1.99940883930982e-08, 7.911791833216183e-09, 1.1219581184642166e-09, 1.1219581184639353e-09, 1.1365459773523258e-09, 2.8840150941598154e-06, 1.0811583164990914e-09, 9.824062063673658e-09, 1.1191675037987041e-09, 1.8809448277620167e-09, 3.366085060446931e-09, 9.73045217390079e-10, 3.1981541260172376e-09, 1.0636660600902478e-09, 0.9999969851329622, 1.1237475533608516e-09]"
hMpxV/USA/CA-CDPH-1M1000244/2023|EPI_ISL_18458963|2023-04-13,"[0.0, 0.0, 0.0, 0.0, 0.0, 0.0, 0.0, 0.0, 0.0, 0.0, 0.0, 0.0, 0.0, 0.0, 0.0, 0.0, 0.0, 0.0, 0.0, 0.0, 0.0, 0.0, 0.0, 0.0, 0.0, 0.0, 0.0, 0.0, 0.0, 1.0, 0.0]"
NODE_0000381,"[6.1351450508073e-15, 7.106212764336873e-17, 2.2943767097906787e-13, 4.7862943014124265e-17, 3.2955409790264945e-16, 5.925971166554411e-17, 6.302364739459813e-17, 5.1531997976310153e-17, 5.1477357292572003e-17, 5.008643977963639e-17, 5.35555859745844e-17, 5.0333282065897914e-17, 4.249992881513214e-17, 6.191088959016623e-17, 3.3786578253834493e-16, 3.5854322905582164e-14, 2.87043794300106e-15, 5.033328206592905e-17, 5.033328206591643e-17, 5.3925917160094963e-17, 1.1341616578156458e-09, 4.205489393020137e-17, 7.279639137903295e-15, 4.935691626085166e-17, 1.5082383268212454e-16, 5.180950162267396e-16, 3.740483604776775e-17, 4.696641696910327e-16, 4.453029839422472e-17, 0.9999999988655539, 5.0512370125646787e-17]"
hMpxV/USA/CA-CDPH-11000316/2023|EPI_ISL_18323786|2023-07-21,"[0.0, 0.0, 0.0, 0.0, 0.0, 0.0, 0.0, 0.0, 0.0, 0.0, 0.0, 0.0, 0.0, 0.0, 0.0, 0.0, 0.0, 0.0, 0.0, 0.0, 0.0, 0.0, 0.0, 0.0, 0.0, 0.0, 0.0, 0.0, 0.0, 1.0, 0.0]"
hMpxV/Peru/LIM-INS-503/2023|EPI_ISL_19343555|2023-10-30,"[0.0, 0.0, 0.0, 0.0, 0.0, 0.0, 0.0, 0.0, 0.0, 0.0, 0.0, 0.0, 0.0, 0.0, 0.0, 0.0, 0.0, 0.0, 0.0, 0.0, 1.0, 0.0, 0.0, 0.0, 0.0, 0.0, 0.0, 0.0, 0.0, 0.0, 0.0]"
hMpxV/USA/CA-CDPH-11000297/2023|EPI_ISL_18325000|2023-07-06,"[0.0, 0.0, 0.0, 0.0, 0.0, 0.0, 0.0, 0.0, 0.0, 0.0, 0.0, 0.0, 0.0, 0.0, 0.0, 0.0, 0.0, 0.0, 0.0, 0.0, 0.0, 0.0, 0.0, 0.0, 0.0, 0.0, 0.0, 0.0, 0.0, 1.0, 0.0]"
hMpxV/USA/CA-CDPH-1M1000275/2023|EPI_ISL_18443042|2023-05-12,"[0.0, 0.0, 0.0, 0.0, 0.0, 0.0, 0.0, 0.0, 0.0, 0.0, 0.0, 0.0, 0.0, 0.0, 0.0, 0.0, 0.0, 0.0, 0.0, 0.0, 0.0, 0.0, 0.0, 0.0, 0.0, 0.0, 0.0, 0.0, 0.0, 1.0, 0.0]"
NODE_0000388,"[1.216041606740894e-08, 1.315625738425822e-09, 4.390265667304015e-08, 1.2973963798791775e-09, 1.8503205655063251e-09, 1.3138345404756768e-09, 1.3209232822738216e-09, 1.3117940098604428e-09, 1.3136411280340437e-09, 1.3012356389003928e-09, 1.3142248248655853e-09, 1.3068281702735933e-09, 1.2336035566726994e-09, 1.2997311137043193e-09, 2.9702308517748974e-09, 1.4891160122018883e-08, 9.388318764401566e-09, 1.3068281702737007e-09, 1.3068281702735441e-09, 1.2416105117224618e-09, 4.889049933601439e-07, 1.2602403924311168e-09, 1.1016701993855085e-08, 1.3037156553203287e-09, 2.2122591248025025e-09, 3.989986236084744e-09, 1.1294307957974745e-09, 3.78681189480658e-09, 1.238439966544722e-09, 0.9999993805021173, 1.3080950394317802e-09]"
hMpxV/USA/CA-CDPH-11000305/2023|EPI_ISL_18325008|2023-07-06,"[0.0, 0.0, 0.0, 0.0, 0.0, 0.0, 0.0, 0.0, 0.0, 0.0, 0.0, 0.0, 0.0, 0.0, 0.0, 0.0, 0.0, 0.0, 0.0, 0.0, 0.0, 0.0, 0.0, 0.0, 0.0, 0.0, 0.0, 0.0, 0.0, 1.0, 0.0]"
hMpxV/USA/CA-CDPH-11000304/2023|EPI_ISL_18325007|2023-07-06,"[0.0, 0.0, 0.0, 0.0, 0.0, 0.0, 0.0, 0.0, 0.0, 0.0, 0.0, 0.0, 0.0, 0.0, 0.0, 0.0, 0.0, 0.0, 0.0, 0.0, 0.0, 0.0, 0.0, 0.0, 0.0, 0.0, 0.0, 0.0, 0.0, 1.0, 0.0]"
NODE_0000389,"[3.355156831270119e-10, 3.603789776420826e-11, 1.2132821002879596e-09, 3.5571238312293546e-11, 5.0598597228134845e-11, 3.6001068413921096e-11, 3.620298371154951e-11, 3.595963668590917e-11, 3.600020086675055e-11, 3.567496787927864e-11, 3.603811146348919e-11, 3.583609286448877e-11, 3.380555594923011e-11, 3.5585430232995816e-11, 8.181691358942683e-11, 4.105836880761544e-10, 2.5922116159506117e-10, 3.583609286453083e-11, 3.5836092864513834e-11, 3.401600151344432e-11, 1.3621287999748288e-08, 3.45318230237572e-11, 3.0483691941622735e-10, 3.574660004002214e-11, 6.069583047201273e-11, 1.0991620260300827e-10, 3.091136048340261e-11, 1.0430776902519486e-10, 3.394065387970735e-11, 0.9999999827785514, 3.5853998418269575e-11]"
hMpxV/USA/CA-CDPH-11000306/2023|EPI_ISL_18325009|2023-07-05,"[0.0, 0.0, 0.0, 0.0, 0.0, 0.0, 0.0, 0.0, 0.0, 0.0, 0.0, 0.0, 0.0, 0.0, 0.0, 0.0, 0.0, 0.0, 0.0, 0.0, 0.0, 0.0, 0.0, 0.0, 0.0, 0.0, 0.0, 0.0, 0.0, 1.0, 0.0]"
hMpxV/USA/CA-CDPH-11000307/2023|EPI_ISL_18325010|2023-07-05,"[0.0, 0.0, 0.0, 0.0, 0.0, 0.0, 0.0, 0.0, 0.0, 0.0, 0.0, 0.0, 0.0, 0.0, 0.0, 0.0, 0.0, 0.0, 0.0, 0.0, 0.0, 0.0, 0.0, 0.0, 0.0, 0.0, 0.0, 0.0, 0.0, 1.0, 0.0]"
NODE_0000382,"[8.304774455856068e-58, 2.1009815725453938e-66, 6.271048094313647e-52, 1.1713779395380537e-66, 1.602787287016722e-64, 1.798637046411552e-66, 2.2006027908515138e-66, 1.71061184632295e-66, 1.5982403958116885e-66, 1.5310730356427823e-66, 2.3021227654491655e-66, 1.610361822812861e-66, 6.658347627260168e-67, 1.909598646111373e-66, 6.670816141979873e-63, 6.649088752694725e-56, 5.515947821259959e-59, 1.6103618228141467e-66, 1.6103618228135468e-66, 1.0847941433720771e-66, 1.068841680211962e-38, 5.3784577866857384e-67, 6.252130106342588e-57, 1.4070117117085796e-66, 1.530341535894058e-64, 4.842017898704387e-62, 3.4955898004260115e-67, 3.2467301317787846e-62, 8.699554423337227e-67, 1.0, 1.4950541174299246e-66]"
hMpxV/USA/CA-CDPH-1M1000433/2023|EPI_ISL_18781818|2023-10-16,"[0.0, 0.0, 0.0, 0.0, 0.0, 0.0, 0.0, 0.0, 0.0, 0.0, 0.0, 0.0, 0.0, 0.0, 0.0, 0.0, 0.0, 0.0, 0.0, 0.0, 0.0, 0.0, 0.0, 0.0, 0.0, 0.0, 0.0, 0.0, 0.0, 0.9999999999999999, 0.0]"
hMpxV/USA/CA-CDPH-1M1000420/2023|EPI_ISL_18781849|2023-10-13,"[0.0, 0.0, 0.0, 0.0, 0.0, 0.0, 0.0, 0.0, 0.0, 0.0, 0.0, 0.0, 0.0, 0.0, 0.0, 0.0, 0.0, 0.0, 0.0, 0.0, 0.0, 0.0, 0.0, 0.0, 0.0, 0.0, 0.0, 0.0, 0.0, 1.0, 0.0]"
hMpxV/USA/CA-CDPH-1M1000486/2023|EPI_ISL_19143448|2023-12-05,"[0.0, 0.0, 0.0, 0.0, 0.0, 0.0, 0.0, 0.0, 0.0, 0.0, 0.0, 0.0, 0.0, 0.0, 0.0, 0.0, 0.0, 0.0, 0.0, 0.0, 0.0, 0.0, 0.0, 0.0, 0.0, 0.0, 0.0, 0.0, 0.0, 1.0, 0.0]"
hMpxV/USA/CA-CDPH-1M1000344/2023|EPI_ISL_18452335|2023-09-26,"[0.0, 0.0, 0.0, 0.0, 0.0, 0.0, 0.0, 0.0, 0.0, 0.0, 0.0, 0.0, 0.0, 0.0, 0.0, 0.0, 0.0, 0.0, 0.0, 0.0, 0.0, 0.0, 0.0, 0.0, 0.0, 0.0, 0.0, 0.0, 0.0, 0.9999999999999999, 0.0]"
hMpxV/USA/CA-CDPH-1M1000343/2023|EPI_ISL_18452334|2023-09-26,"[0.0, 0.0, 0.0, 0.0, 0.0, 0.0, 0.0, 0.0, 0.0, 0.0, 0.0, 0.0, 0.0, 0.0, 0.0, 0.0, 0.0, 0.0, 0.0, 0.0, 0.0, 0.0, 0.0, 0.0, 0.0, 0.0, 0.0, 0.0, 0.0, 0.9999999999999999, 0.0]"
hMpxV/USA/CA-CDPH-1M1000381/2023|EPI_ISL_18781793|2023-10-20,"[0.0, 0.0, 0.0, 0.0, 0.0, 0.0, 0.0, 0.0, 0.0, 0.0, 0.0, 0.0, 0.0, 0.0, 0.0, 0.0, 0.0, 0.0, 0.0, 0.0, 0.0, 0.0, 0.0, 0.0, 0.0, 0.0, 0.0, 0.0, 0.0, 1.0, 0.0]"
hMpxV/USA/CA-CDPH-1M1000451/2023|EPI_ISL_18959309|2023-12-12,"[0.0, 0.0, 0.0, 0.0, 0.0, 0.0, 0.0, 0.0, 0.0, 0.0, 0.0, 0.0, 0.0, 0.0, 0.0, 0.0, 0.0, 0.0, 0.0, 0.0, 0.0, 0.0, 0.0, 0.0, 0.0, 0.0, 0.0, 0.0, 0.0, 1.0, 0.0]"
hMpxV/USA/CA-CDPH-1M1000453/2023|EPI_ISL_18959311|2023-12-14,"[0.0, 0.0, 0.0, 0.0, 0.0, 0.0, 0.0, 0.0, 0.0, 0.0, 0.0, 0.0, 0.0, 0.0, 0.0, 0.0, 0.0, 0.0, 0.0, 0.0, 0.0, 0.0, 0.0, 0.0, 0.0, 0.0, 0.0, 0.0, 0.0, 1.0, 0.0]"
hMpxV/USA/CA-CDPH-1M1000463/2023|EPI_ISL_18959320|2023-12-25,"[0.0, 0.0, 0.0, 0.0, 0.0, 0.0, 0.0, 0.0, 0.0, 0.0, 0.0, 0.0, 0.0, 0.0, 0.0, 0.0, 0.0, 0.0, 0.0, 0.0, 0.0, 0.0, 0.0, 0.0, 0.0, 0.0, 0.0, 0.0, 0.0, 1.0, 0.0]"
hMpxV/USA/CA-CDPH-1M1000464/2023|EPI_ISL_18959321|2023-12-25,"[0.0, 0.0, 0.0, 0.0, 0.0, 0.0, 0.0, 0.0, 0.0, 0.0, 0.0, 0.0, 0.0, 0.0, 0.0, 0.0, 0.0, 0.0, 0.0, 0.0, 0.0, 0.0, 0.0, 0.0, 0.0, 0.0, 0.0, 0.0, 0.0, 1.0, 0.0]"
hMpxV/USA/CA-LACPHL-MA00612/2023|EPI_ISL_18993203|2023-11-07,"[0.0, 0.0, 0.0, 0.0, 0.0, 0.0, 0.0, 0.0, 0.0, 0.0, 0.0, 0.0, 0.0, 0.0, 0.0, 0.0, 0.0, 0.0, 0.0, 0.0, 0.0, 0.0, 0.0, 0.0, 0.0, 0.0, 0.0, 0.0, 0.0, 1.0, 0.0]"
hMpxV/USA/CA-CDPH-1M1000400/2023|EPI_ISL_18781924|2023-10-25,"[0.0, 0.0, 0.0, 0.0, 0.0, 0.0, 0.0, 0.0, 0.0, 0.0, 0.0, 0.0, 0.0, 0.0, 0.0, 0.0, 0.0, 0.0, 0.0, 0.0, 0.0, 0.0, 0.0, 0.0, 0.0, 0.0, 0.0, 0.0, 0.0, 1.0, 0.0]"
hMpxV/USA/CA-CDPH-1M1000399/2023|EPI_ISL_18781923|2023-10-18,"[0.0, 0.0, 0.0, 0.0, 0.0, 0.0, 0.0, 0.0, 0.0, 0.0, 0.0, 0.0, 0.0, 0.0, 0.0, 0.0, 0.0, 0.0, 0.0, 0.0, 0.0, 0.0, 0.0, 0.0, 0.0, 0.0, 0.0, 0.0, 0.0, 1.0, 0.0]"
hMpxV/USA/CA-CDPH-1M1000398/2023|EPI_ISL_18781922|2023-11-11,"[0.0, 0.0, 0.0, 0.0, 0.0, 0.0, 0.0, 0.0, 0.0, 0.0, 0.0, 0.0, 0.0, 0.0, 0.0, 0.0, 0.0, 0.0, 0.0, 0.0, 0.0, 0.0, 0.0, 0.0, 0.0, 0.0, 0.0, 0.0, 0.0, 1.0, 0.0]"
hMpxV/USA/CA-CDPH-1M1000440/2023|EPI_ISL_18781628|2023-11-09,"[0.0, 0.0, 0.0, 0.0, 0.0, 0.0, 0.0, 0.0, 0.0, 0.0, 0.0, 0.0, 0.0, 0.0, 0.0, 0.0, 0.0, 0.0, 0.0, 0.0, 0.0, 0.0, 0.0, 0.0, 0.0, 0.0, 0.0, 0.0, 0.0, 1.0, 0.0]"
hMpxV/USA/CA-CDPH-1M1000450/2023|EPI_ISL_18781637|2023-10-16,"[0.0, 0.0, 0.0, 0.0, 0.0, 0.0, 0.0, 0.0, 0.0, 0.0, 0.0, 0.0, 0.0, 0.0, 0.0, 0.0, 0.0, 0.0, 0.0, 0.0, 0.0, 0.0, 0.0, 0.0, 0.0, 0.0, 0.0, 0.0, 0.0, 0.9999999999999999, 0.0]"
hMpxV/USA/CA-CDPH-1M1000531/2023|EPI_ISL_19170460|2023-10-16,"[0.0, 0.0, 0.0, 0.0, 0.0, 0.0, 0.0, 0.0, 0.0, 0.0, 0.0, 0.0, 0.0, 0.0, 0.0, 0.0, 0.0, 0.0, 0.0, 0.0, 0.0, 0.0, 0.0, 0.0, 0.0, 0.0, 0.0, 0.0, 0.0, 0.9999999999999999, 0.0]"
hMpxV/USA/CA-CDPH-1M1000533/2023|EPI_ISL_19170462|2023-10-06,"[0.0, 0.0, 0.0, 0.0, 0.0, 0.0, 0.0, 0.0, 0.0, 0.0, 0.0, 0.0, 0.0, 0.0, 0.0, 0.0, 0.0, 0.0, 0.0, 0.0, 0.0, 0.0, 0.0, 0.0, 0.0, 0.0, 0.0, 0.0, 0.0, 0.9999999999999999, 0.0]"
hMpxV/USA/CA-CDPH-1M1000535/2023|EPI_ISL_19170464|2023-10-18,"[0.0, 0.0, 0.0, 0.0, 0.0, 0.0, 0.0, 0.0, 0.0, 0.0, 0.0, 0.0, 0.0, 0.0, 0.0, 0.0, 0.0, 0.0, 0.0, 0.0, 0.0, 0.0, 0.0, 0.0, 0.0, 0.0, 0.0, 0.0, 0.0, 1.0, 0.0]"
hMpxV/USA/CA-CDPH-1M1000536/2023|EPI_ISL_19170465|2023-10-19,"[0.0, 0.0, 0.0, 0.0, 0.0, 0.0, 0.0, 0.0, 0.0, 0.0, 0.0, 0.0, 0.0, 0.0, 0.0, 0.0, 0.0, 0.0, 0.0, 0.0, 0.0, 0.0, 0.0, 0.0, 0.0, 0.0, 0.0, 0.0, 0.0, 0.9999999999999999, 0.0]"
hMpxV/USA/CA-CDPH-1M1000620/2023|EPI_ISL_19295765|2023-10-10,"[0.0, 0.0, 0.0, 0.0, 0.0, 0.0, 0.0, 0.0, 0.0, 0.0, 0.0, 0.0, 0.0, 0.0, 0.0, 0.0, 0.0, 0.0, 0.0, 0.0, 0.0, 0.0, 0.0, 0.0, 0.0, 0.0, 0.0, 0.0, 0.0, 0.9999999999999999, 0.0]"
hMpxV/USA/CA-CDPH-1M1000622/2023|EPI_ISL_19295767|2023-09-19,"[0.0, 0.0, 0.0, 0.0, 0.0, 0.0, 0.0, 0.0, 0.0, 0.0, 0.0, 0.0, 0.0, 0.0, 0.0, 0.0, 0.0, 0.0, 0.0, 0.0, 0.0, 0.0, 0.0, 0.0, 0.0, 0.0, 0.0, 0.0, 0.0, 1.0, 0.0]"
hMpxV/USA/CA-CDPH-1M1000357/2023|EPI_ISL_18786340|2023-09-12,"[0.0, 0.0, 0.0, 0.0, 0.0, 0.0, 0.0, 0.0, 0.0, 0.0, 0.0, 0.0, 0.0, 0.0, 0.0, 0.0, 0.0, 0.0, 0.0, 0.0, 0.0, 0.0, 0.0, 0.0, 0.0, 0.0, 0.0, 0.0, 0.0, 1.0, 0.0]"
hMpxV/USA/CA-CDPH-1M1000362/2023|EPI_ISL_18786347|2023-09-21,"[0.0, 0.0, 0.0, 0.0, 0.0, 0.0, 0.0, 0.0, 0.0, 0.0, 0.0, 0.0, 0.0, 0.0, 0.0, 0.0, 0.0, 0.0, 0.0, 0.0, 0.0, 0.0, 0.0, 0.0, 0.0, 0.0, 0.0, 0.0, 0.0, 0.9999999999999999, 0.0]"
hMpxV/USA/IL-RIPHL-050-0110/2023|EPI_ISL_19016746|2023-09-27,"[0.0, 0.0, 0.0, 0.0, 0.0, 0.0, 0.0, 0.0, 0.0, 0.0, 0.0, 0.0, 0.0, 0.0, 0.0, 0.0, 0.0, 0.0, 0.0, 0.0, 0.0, 0.0, 0.0, 0.0, 0.0, 0.0, 0.0, 0.0, 0.0, 1.0, 0.0]"
NODE_0000387,"[1.649423273025387e-09, 1.6716141012311133e-10, 6.079540818748264e-09, 1.6557866876840738e-10, 2.3409682759216713e-10, 1.6714764463065542e-10, 1.683697407215476e-10, 1.6731456940877948e-10, 1.6724198844999095e-10, 1.6608279844553983e-10, 1.6802889143866073e-10, 1.6703080512271445e-10, 1.568558727655029e-10, 1.6462194468095078e-10, 3.9467572263502984e-10, 2.0193245615187115e-09, 1.2790833598399387e-09, 1.670308051228155e-10, 1.6703080512276943e-10, 1.5776324586407262e-10, 7.362834437124598e-08, 1.600857747741205e-10, 1.531409636671342e-09, 1.6647459730776196e-10, 2.8516509099777654e-10, 5.313495544401852e-10, 1.4243321833753751e-10, 5.03732024415709e-10, 1.5760503095815003e-10, 0.9999999087533123, 1.6668472058472872e-10]"
hMpxV/USA/CA-CDPH-1M1000377/2023|EPI_ISL_18781788|2023-09-16,"[0.0, 0.0, 0.0, 0.0, 0.0, 0.0, 0.0, 0.0, 0.0, 0.0, 0.0, 0.0, 0.0, 0.0, 0.0, 0.0, 0.0, 0.0, 0.0, 0.0, 0.0, 0.0, 0.0, 0.0, 0.0, 0.0, 0.0, 0.0, 0.0, 1.0, 0.0]"
hMpxV/USA/CA-CDPH-1M1000437/2023|EPI_ISL_18781626|2023-10-11,"[0.0, 0.0, 0.0, 0.0, 0.0, 0.0, 0.0, 0.0, 0.0, 0.0, 0.0, 0.0, 0.0, 0.0, 0.0, 0.0, 0.0, 0.0, 0.0, 0.0, 0.0, 0.0, 0.0, 0.0, 0.0, 0.0, 0.0, 0.0, 0.0, 1.0, 0.0]"
NODE_0000385,"[6.185272563670576e-08, 5.4851458035682025e-09, 2.969983041308279e-07, 5.19539542567326e-09, 8.924992962575236e-09, 5.423579578292761e-09, 5.4244801402996285e-09, 5.33069616221431e-09, 5.380378551963616e-09, 5.2512650502929306e-09, 5.320148671783348e-09, 5.2416307938792635e-09, 4.959435331050066e-09, 5.499561389695409e-09, 1.215087905516929e-08, 8.663083565811523e-08, 4.276525101427622e-08, 5.2416307938796126e-09, 5.241630793879264e-09, 5.0818264391081e-09, 5.032044839642577e-06, 5.056651749013085e-09, 5.173883305760486e-08, 5.235473743677503e-09, 9.600551666942159e-09, 1.701554020409397e-08, 4.660945480434904e-09, 1.6071791065681528e-08, 4.996026924918255e-09, 0.9999942648576807, 5.321872336641491e-09]"
hMpxV/USA/CA-CDPH-1M1000497/2024|EPI_ISL_19143456|2024-01-17,"[0.0, 0.0, 0.0, 0.0, 0.0, 0.0, 0.0, 0.0, 0.0, 0.0, 0.0, 0.0, 0.0, 0.0, 0.0, 0.0, 0.0, 0.0, 0.0, 0.0, 0.0, 0.0, 0.0, 0.0, 0.0, 0.0, 0.0, 0.0, 0.0, 1.0, 0.0]"
hMpxV/USA/CA-CDPH-1M1000482/2024|EPI_ISL_19143475|2024-03-06,"[0.0, 0.0, 0.0, 0.0, 0.0, 0.0, 0.0, 0.0, 0.0, 0.0, 0.0, 0.0, 0.0, 0.0, 0.0, 0.0, 0.0, 0.0, 0.0, 0.0, 0.0, 0.0, 0.0, 0.0, 0.0, 0.0, 0.0, 0.0, 0.0, 1.0, 0.0]"
hMpxV/USA/CA-CDPH-1M1000608/2024|EPI_ISL_19295757|2024-06-10,"[0.0, 0.0, 0.0, 0.0, 0.0, 0.0, 0.0, 0.0, 0.0, 0.0, 0.0, 0.0, 0.0, 0.0, 0.0, 0.0, 0.0, 0.0, 0.0, 0.0, 0.0, 0.0, 0.0, 0.0, 0.0, 0.0, 0.0, 0.0, 0.0, 1.0, 0.0]"
NODE_0000386,"[1.605029719355161e-10, 6.9498727049208766e-12, 1.2605157965813897e-09, 6.4253591424927845e-12, 1.3329581365239077e-11, 6.821188609328052e-12, 6.88190221659346e-12, 6.692878183518959e-12, 6.735679820787881e-12, 6.565445646831132e-12, 6.760963154004346e-12, 6.56578485219747e-12, 6.005679428434749e-12, 6.942795808198371e-12, 2.075521076250739e-11, 2.663411579299276e-10, 1.0099748547040642e-10, 6.565784852201396e-12, 6.56578485219978e-12, 6.2798132915776676e-12, 6.747138938705804e-08, 6.064531959314355e-12, 1.476437704080215e-10, 6.5217143264298776e-12, 1.4190251008831251e-11, 3.1126152705044973e-11, 5.5202562882221905e-12, 2.898411432387797e-11, 6.116271868329546e-12, 0.9999999303605974, 6.645154725600118e-12]"
hMpxV/USA/CA-CDPH-1M1000473/2024|EPI_ISL_19143467|2024-02-06,"[0.0, 0.0, 0.0, 0.0, 0.0, 0.0, 0.0, 0.0, 0.0, 0.0, 0.0, 0.0, 0.0, 0.0, 0.0, 0.0, 0.0, 0.0, 0.0, 0.0, 0.0, 0.0, 0.0, 0.0, 0.0, 0.0, 0.0, 0.0, 0.0, 1.0, 0.0]"
hMpxV/USA/CA-CDPH-1M1000474/2024|EPI_ISL_19143468|2024-02-09,"[0.0, 0.0, 0.0, 0.0, 0.0, 0.0, 0.0, 0.0, 0.0, 0.0, 0.0, 0.0, 0.0, 0.0, 0.0, 0.0, 0.0, 0.0, 0.0, 0.0, 0.0, 0.0, 0.0, 0.0, 0.0, 0.0, 0.0, 0.0, 0.0, 1.0, 0.0]"
hMpxV/USA/CA-LACPHL-MA00618/2024|EPI_ISL_18993206|2024-02-07,"[0.0, 0.0, 0.0, 0.0, 0.0, 0.0, 0.0, 0.0, 0.0, 0.0, 0.0, 0.0, 0.0, 0.0, 0.0, 0.0, 0.0, 0.0, 0.0, 0.0, 0.0, 0.0, 0.0, 0.0, 0.0, 0.0, 0.0, 0.0, 0.0, 1.0, 0.0]"
hMpxV/USA/CA-CDPH-1M1000394/2023|EPI_ISL_18781918|2023-11-07,"[0.0, 0.0, 0.0, 0.0, 0.0, 0.0, 0.0, 0.0, 0.0, 0.0, 0.0, 0.0, 0.0, 0.0, 0.0, 0.0, 0.0, 0.0, 0.0, 0.0, 0.0, 0.0, 0.0, 0.0, 0.0, 0.0, 0.0, 0.0, 0.0, 1.0, 0.0]"
NODE_0000383,"[8.595270211155987e-10, 4.7873171836658875e-11, 4.906423341842067e-09, 4.625738669489722e-11, 7.803177390420952e-11, 4.7544803235164506e-11, 4.8168696759477104e-11, 4.740793840304796e-11, 4.733660346992908e-11, 4.685324657487419e-11, 4.8040072302162124e-11, 4.7147508113503594e-11, 4.312185396884139e-11, 4.7121314807414554e-11, 1.4261735247900713e-10, 1.228995143255053e-09, 6.064498486186789e-10, 4.7147508113507406e-11, 4.7147508113505254e-11, 4.4179652003750226e-11, 1.5713530141867305e-07, 4.366281860275816e-11, 8.463403298671826e-10, 4.679596432357412e-11, 9.282643366184212e-11, 2.0403508905457125e-10, 3.86165295645448e-11, 1.9112589246773879e-10, 4.372325480854414e-11, 0.9999998328331455, 4.703516498369022e-11]"
hMpxV/USA/CA-CDPH-1M1000488/2023|EPI_ISL_19143450|2023-12-04,"[0.0, 0.0, 0.0, 0.0, 0.0, 0.0, 0.0, 0.0, 0.0, 0.0, 0.0, 0.0, 0.0, 0.0, 0.0, 0.0, 0.0, 0.0, 0.0, 0.0, 0.0, 0.0, 0.0, 0.0, 0.0, 0.0, 0.0, 0.0, 0.0, 1.0, 0.0]"
hMpxV/USA/CA-CDPH-1M1000487/2023|EPI_ISL_19143449|2023-12-11,"[0.0, 0.0, 0.0, 0.0, 0.0, 0.0, 0.0, 0.0, 0.0, 0.0, 0.0, 0.0, 0.0, 0.0, 0.0, 0.0, 0.0, 0.0, 0.0, 0.0, 0.0, 0.0, 0.0, 0.0, 0.0, 0.0, 0.0, 0.0, 0.0, 1.0, 0.0]"
NODE_0000384,"[1.5929203144331456e-16, 1.715104251453888e-18, 2.518012243840981e-15, 1.6244281860807058e-18, 3.684189876855691e-18, 1.6947531711209508e-18, 1.759406820600748e-18, 1.705838571745975e-18, 1.6786518791001446e-18, 1.6789115724328653e-18, 1.788883501624524e-18, 1.7074486577854232e-18, 1.4301001911488754e-18, 1.6509045474366621e-18, 1.1023746916000414e-17, 3.107283199433381e-16, 9.579621111574798e-17, 1.707448657786548e-18, 1.7074486577860322e-18, 1.5134195838481736e-18, 1.005290695685094e-12, 1.4158018447785891e-18, 2.0831980826776268e-16, 1.6699081162067225e-18, 4.7405609037542085e-18, 1.8088192834820083e-17, 1.1782376504703368e-18, 1.6416939133832738e-17, 1.485273319294046e-18, 0.9999999999989913, 1.6677720727955053e-18]"
hMpxV/USA/CA-CDPH-1M1000485/2023|EPI_ISL_19143447|2023-12-15,"[0.0, 0.0, 0.0, 0.0, 0.0, 0.0, 0.0, 0.0, 0.0, 0.0, 0.0, 0.0, 0.0, 0.0, 0.0, 0.0, 0.0, 0.0, 0.0, 0.0, 0.0, 0.0, 0.0, 0.0, 0.0, 0.0, 0.0, 0.0, 0.0, 1.0, 0.0]"
hMpxV/USA/CA-CDPH-1M1000502/2023|EPI_ISL_19143460|2023-12-05,"[0.0, 0.0, 0.0, 0.0, 0.0, 0.0, 0.0, 0.0, 0.0, 0.0, 0.0, 0.0, 0.0, 0.0, 0.0, 0.0, 0.0, 0.0, 0.0, 0.0, 0.0, 0.0, 0.0, 0.0, 0.0, 0.0, 0.0, 0.0, 0.0, 0.9999999999999999, 0.0]"
hMpxV/USA/CA-CDPH-1M1000454/2023|EPI_ISL_18959312|2023-12-18,"[0.0, 0.0, 0.0, 0.0, 0.0, 0.0, 0.0, 0.0, 0.0, 0.0, 0.0, 0.0, 0.0, 0.0, 0.0, 0.0, 0.0, 0.0, 0.0, 0.0, 0.0, 0.0, 0.0, 0.0, 0.0, 0.0, 0.0, 0.0, 0.0, 1.0, 0.0]"
hMpxV/USA/CA-CDPH-1M1000456/2023|EPI_ISL_18959314|2023-12-18,"[0.0, 0.0, 0.0, 0.0, 0.0, 0.0, 0.0, 0.0, 0.0, 0.0, 0.0, 0.0, 0.0, 0.0, 0.0, 0.0, 0.0, 0.0, 0.0, 0.0, 0.0, 0.0, 0.0, 0.0, 0.0, 0.0, 0.0, 0.0, 0.0, 1.0, 0.0]"
hMpxV/USA/CA-CDPH-1M1000459/2023|EPI_ISL_18959316|2023-12-22,"[0.0, 0.0, 0.0, 0.0, 0.0, 0.0, 0.0, 0.0, 0.0, 0.0, 0.0, 0.0, 0.0, 0.0, 0.0, 0.0, 0.0, 0.0, 0.0, 0.0, 0.0, 0.0, 0.0, 0.0, 0.0, 0.0, 0.0, 0.0, 0.0, 1.0, 0.0]"
NODE_0000003,"[0.00013225473104821773, 0.00014493661348008907, 0.00016260401293452764, 9.218117456567561e-05, 0.00029203703403388843, 0.00011081716623700911, 0.00011880351356493581, 9.068248990808981e-05, 9.184485830760598e-05, 9.020163785168785e-05, 0.00015388356472962388, 9.02788330789377e-05, 9.288563231059089e-05, 0.00011696429072130052, 0.9710621145090436, 0.0003184427033243685, 9.488090186870252e-05, 9.027883307892304e-05, 9.027883307892134e-05, 0.00011340744596132963, 0.004923156378240313, 0.00018765030165631923, 0.00010872179835051542, 9.129556285809813e-05, 0.00015960883130649906, 8.659699433746731e-05, 0.020024676352980032, 8.707201996499012e-05, 0.0002934953270467886, 0.00039634016739383573, 9.160748673712903e-05]"
hMpxV/South_Korea/KDCA-P033/2023|EPI_ISL_18147350|2023-04-25,"[0.0, 0.0, 0.0, 0.0, 0.0, 0.0, 0.0, 0.0, 0.0, 0.0, 0.0, 0.0, 0.0, 0.0, 0.0, 0.0, 0.0, 0.0, 0.0, 0.0, 0.0, 0.0, 0.0, 0.0, 0.0, 0.0, 1.0, 0.0, 0.0, 0.0, 0.0]"
NODE_0000004,"[1.464210820497876e-37, 8.891314911354423e-38, 5.654209997342327e-40, 1.5117461379297588e-37, 1.147638068043404e-37, 6.910105154122536e-38, 7.917635024507223e-38, 5.998352648264807e-38, 6.015464975820351e-38, 5.659944838236616e-38, 1.5741187012277945e-35, 6.08843035860798e-38, 3.291082050577654e-37, 5.924273393397251e-38, 0.9999999951687929, 4.024964269252892e-38, 3.8745668782965774e-38, 6.088430358596855e-38, 6.088430358595476e-38, 4.1261717308405574e-38, 9.98624559453504e-36, 1.1015135626480526e-34, 1.7979085831693997e-37, 6.06251078607271e-38, 2.115792042324653e-35, 5.106489254995201e-38, 4.831207089931946e-09, 6.02836510428133e-38, 3.293115466102677e-28, 5.055798668666988e-40, 5.930227372737831e-38]"
hMpxV/Japan/TMIPH-0318/2022|EPI_ISL_17008294|2023-01-25,"[0.0, 0.0, 0.0, 0.0, 0.0, 0.0, 0.0, 0.0, 0.0, 0.0, 0.0, 0.0, 0.0, 0.0, 0.9999999999999999, 0.0, 0.0, 0.0, 0.0, 0.0, 0.0, 0.0, 0.0, 0.0, 0.0, 0.0, 0.0, 0.0, 0.0, 0.0, 0.0]"
hMpxV/Japan/TMIPH-0325/2022|EPI_ISL_17008295|2023-01-30,"[0.0, 0.0, 0.0, 0.0, 0.0, 0.0, 0.0, 0.0, 0.0, 0.0, 0.0, 0.0, 0.0, 0.0, 1.0, 0.0, 0.0, 0.0, 0.0, 0.0, 0.0, 0.0, 0.0, 0.0, 0.0, 0.0, 0.0, 0.0, 0.0, 0.0, 0.0]"
hMpxV/Japan/TMIPH-0342/2022|EPI_ISL_17008296|2023-02-09,"[0.0, 0.0, 0.0, 0.0, 0.0, 0.0, 0.0, 0.0, 0.0, 0.0, 0.0, 0.0, 0.0, 0.0, 1.0, 0.0, 0.0, 0.0, 0.0, 0.0, 0.0, 0.0, 0.0, 0.0, 0.0, 0.0, 0.0, 0.0, 0.0, 0.0, 0.0]"
hMpxV/South_Korea/KDCA-P010/2023|EPI_ISL_18147334|2023-04-13,"[0.0, 0.0, 0.0, 0.0, 0.0, 0.0, 0.0, 0.0, 0.0, 0.0, 0.0, 0.0, 0.0, 0.0, 0.0, 0.0, 0.0, 0.0, 0.0, 0.0, 0.0, 0.0, 0.0, 0.0, 0.0, 0.0, 0.9999999999999999, 0.0, 0.0, 0.0, 0.0]"
hMpxV/South_Korea/KDCA-P012/2023|EPI_ISL_18147342|2023-04-15,"[0.0, 0.0, 0.0, 0.0, 0.0, 0.0, 0.0, 0.0, 0.0, 0.0, 0.0, 0.0, 0.0, 0.0, 0.0, 0.0, 0.0, 0.0, 0.0, 0.0, 0.0, 0.0, 0.0, 0.0, 0.0, 0.0, 1.0, 0.0, 0.0, 0.0, 0.0]"
hMpxV/South_Korea/KDCA-P034/2023|EPI_ISL_18147346|2023-04-25,"[0.0, 0.0, 0.0, 0.0, 0.0, 0.0, 0.0, 0.0, 0.0, 0.0, 0.0, 0.0, 0.0, 0.0, 0.0, 0.0, 0.0, 0.0, 0.0, 0.0, 0.0, 0.0, 0.0, 0.0, 0.0, 0.0, 1.0, 0.0, 0.0, 0.0, 0.0]"
hMpxV/South_Korea/KDCA-P027/2023|EPI_ISL_18147349|2023-04-22,"[0.0, 0.0, 0.0, 0.0, 0.0, 0.0, 0.0, 0.0, 0.0, 0.0, 0.0, 0.0, 0.0, 0.0, 0.0, 0.0, 0.0, 0.0, 0.0, 0.0, 0.0, 0.0, 0.0, 0.0, 0.0, 0.0, 1.0, 0.0, 0.0, 0.0, 0.0]"
hMpxV/South_Korea/KDCA-P024/2023|EPI_ISL_18147351|2023-04-21,"[0.0, 0.0, 0.0, 0.0, 0.0, 0.0, 0.0, 0.0, 0.0, 0.0, 0.0, 0.0, 0.0, 0.0, 0.0, 0.0, 0.0, 0.0, 0.0, 0.0, 0.0, 0.0, 0.0, 0.0, 0.0, 0.0, 1.0, 0.0, 0.0, 0.0, 0.0]"
hMpxV/South_Korea/KDCA-P008/2023|EPI_ISL_18147360|2023-04-11,"[0.0, 0.0, 0.0, 0.0, 0.0, 0.0, 0.0, 0.0, 0.0, 0.0, 0.0, 0.0, 0.0, 0.0, 0.0, 0.0, 0.0, 0.0, 0.0, 0.0, 0.0, 0.0, 0.0, 0.0, 0.0, 0.0, 1.0, 0.0, 0.0, 0.0, 0.0]"
hMpxV/South_Korea/KDCA-P015/2023|EPI_ISL_18147358|2023-04-18,"[0.0, 0.0, 0.0, 0.0, 0.0, 0.0, 0.0, 0.0, 0.0, 0.0, 0.0, 0.0, 0.0, 0.0, 0.0, 0.0, 0.0, 0.0, 0.0, 0.0, 0.0, 0.0, 0.0, 0.0, 0.0, 0.0, 1.0, 0.0, 0.0, 0.0, 0.0]"
hMpxV/South_Korea/KDCA-P009/2023|EPI_ISL_18147359|2023-04-12,"[0.0, 0.0, 0.0, 0.0, 0.0, 0.0, 0.0, 0.0, 0.0, 0.0, 0.0, 0.0, 0.0, 0.0, 0.0, 0.0, 0.0, 0.0, 0.0, 0.0, 0.0, 0.0, 0.0, 0.0, 0.0, 0.0, 1.0, 0.0, 0.0, 0.0, 0.0]"
hMpxV/Thailand/KCMH-296/2023|EPI_ISL_19437778|2023-07-03,"[0.0, 0.0, 0.0, 0.0, 0.0, 0.0, 0.0, 0.0, 0.0, 0.0, 0.0, 0.0, 0.0, 0.0, 0.0, 0.0, 0.0, 0.0, 0.0, 0.0, 0.0, 0.0, 0.0, 0.0, 0.0, 0.0, 0.0, 0.0, 0.9999999999999999, 0.0, 0.0]"
hMpxV/Japan/FKTMIPH-220304/2023|EPI_ISL_17246657|2023-01-23,"[0.0, 0.0, 0.0, 0.0, 0.0, 0.0, 0.0, 0.0, 0.0, 0.0, 0.0, 0.0, 0.0, 0.0, 1.0, 0.0, 0.0, 0.0, 0.0, 0.0, 0.0, 0.0, 0.0, 0.0, 0.0, 0.0, 0.0, 0.0, 0.0, 0.0, 0.0]"
hMpxV/Japan/FKTMIPH-220343/2023|EPI_ISL_17246659|2023-02-13,"[0.0, 0.0, 0.0, 0.0, 0.0, 0.0, 0.0, 0.0, 0.0, 0.0, 0.0, 0.0, 0.0, 0.0, 1.0, 0.0, 0.0, 0.0, 0.0, 0.0, 0.0, 0.0, 0.0, 0.0, 0.0, 0.0, 0.0, 0.0, 0.0, 0.0, 0.0]"
NODE_0000151,"[0.0003273025954245518, 0.00030587074063988506, 0.00015377976817166353, 0.0004770259956001162, 0.0002675156550476963, 0.0003095565469943748, 0.0003046248776002145, 0.00031034193507709643, 0.000315616987840318, 0.0003084075929983766, 0.0005778931869584322, 0.00030867067584729624, 0.0004734088339246551, 0.0003026807177378869, 0.4136092325262537, 0.00020660211542489407, 0.00030419560430785527, 0.00030867067584728995, 0.0003086706758473128, 0.0002910356504242769, 0.00011457138680946152, 0.0005435695792628893, 0.00023355495567013197, 0.0003133632156447489, 0.00043943769908009296, 0.00028911144242014516, 0.006313444156414365, 0.00029156764203528356, 0.571201041005043, 0.00017457132903409507, 0.00031466423061810847]"
hMpxV/Japan/TMIPH-0258/2023|EPI_ISL_18352304|2023-09-14,"[0.0, 0.0, 0.0, 0.0, 0.0, 0.0, 0.0, 0.0, 0.0, 0.0, 0.0, 0.0, 0.0, 0.0, 1.0, 0.0, 0.0, 0.0, 0.0, 0.0, 0.0, 0.0, 0.0, 0.0, 0.0, 0.0, 0.0, 0.0, 0.0, 0.0, 0.0]"
hMpxV/Thailand/KCMH-294/2023|EPI_ISL_19437774|2023-07-03,"[0.0, 0.0, 0.0, 0.0, 0.0, 0.0, 0.0, 0.0, 0.0, 0.0, 0.0, 0.0, 0.0, 0.0, 0.0, 0.0, 0.0, 0.0, 0.0, 0.0, 0.0, 0.0, 0.0, 0.0, 0.0, 0.0, 0.0, 0.0, 1.0, 0.0, 0.0]"
NODE_0000152,"[2.357185593067226e-06, 2.9304133205803704e-06, 1.2712148072287034e-06, 3.054909122749708e-06, 2.5301494362384973e-06, 2.9693217887568874e-06, 2.9260430214381906e-06, 2.975771423369201e-06, 3.017793155099438e-06, 2.9555036896495972e-06, 4.346264361787768e-06, 2.9661565348680544e-06, 2.9823140030804024e-06, 2.8788459023856864e-06, 0.005761918465365761, 1.8896349042276755e-06, 2.866613109374474e-06, 2.966156534867878e-06, 2.9661565348678447e-06, 2.7486727153957396e-06, 9.268552866858272e-07, 9.032126075232229e-06, 1.8747401289382496e-06, 3.004643303758282e-06, 7.034719174427327e-06, 2.7691414825256337e-06, 0.9941457845277012, 2.7981745451444823e-06, 7.156927954621435e-06, 1.090460043075286e-06, 3.0100989798545237e-06]"
hMpxV/South_Korea/KDCA-P026/2023|EPI_ISL_18147347|2023-04-22,"[0.0, 0.0, 0.0, 0.0, 0.0, 0.0, 0.0, 0.0, 0.0, 0.0, 0.0, 0.0, 0.0, 0.0, 0.0, 0.0, 0.0, 0.0, 0.0, 0.0, 0.0, 0.0, 0.0, 0.0, 0.0, 0.0, 1.0, 0.0, 0.0, 0.0, 0.0]"
hMpxV/South_Korea/KDCA-P017/2023|EPI_ISL_18147363|2023-04-18,"[0.0, 0.0, 0.0, 0.0, 0.0, 0.0, 0.0, 0.0, 0.0, 0.0, 0.0, 0.0, 0.0, 0.0, 0.0, 0.0, 0.0, 0.0, 0.0, 0.0, 0.0, 0.0, 0.0, 0.0, 0.0, 0.0, 1.0, 0.0, 0.0, 0.0, 0.0]"
NODE_0000143,"[4.4909377644058695e-10, 1.992432451726836e-10, 8.217237607611653e-11, 2.0738076074668016e-10, 1.7502823409640836e-10, 2.0128128044464886e-10, 1.9963720791214984e-10, 2.02348753342409e-10, 2.046641105829324e-10, 2.0063721852926084e-10, 1.2837849165005275e-09, 2.016424004013024e-10, 2.2165624423662105e-10, 1.953077076653914e-10, 0.9999995556029933, 1.3245389804925732e-10, 1.9274886399591623e-10, 2.0164240040124921e-10, 2.0164240040122918e-10, 1.853346479201557e-10, 1.988479356435344e-10, 8.433649653121613e-10, 3.0960289282447324e-10, 2.0353282708572e-10, 6.611169476209597e-10, 1.9029626847949238e-10, 4.252187151520238e-07, 1.931857855108205e-10, 1.125531789455372e-08, 1.8136036839598828e-10, 2.0396518529241406e-10]"
hMpxV/Japan/TMIPH-0162/2023|EPI_ISL_17837266|2023-06-02,"[0.0, 0.0, 0.0, 0.0, 0.0, 0.0, 0.0, 0.0, 0.0, 0.0, 0.0, 0.0, 0.0, 0.0, 1.0, 0.0, 0.0, 0.0, 0.0, 0.0, 0.0, 0.0, 0.0, 0.0, 0.0, 0.0, 0.0, 0.0, 0.0, 0.0, 0.0]"
hMpxV/Japan/TMIPH-220512/2023|EPI_ISL_17445516|2023-03-28,"[0.0, 0.0, 0.0, 0.0, 0.0, 0.0, 0.0, 0.0, 0.0, 0.0, 0.0, 0.0, 0.0, 0.0, 0.9999999999999999, 0.0, 0.0, 0.0, 0.0, 0.0, 0.0, 0.0, 0.0, 0.0, 0.0, 0.0, 0.0, 0.0, 0.0, 0.0, 0.0]"
hMpxV/Japan/TMIPH-0012/2023|EPI_ISL_17592666|2023-04-04,"[0.0, 0.0, 0.0, 0.0, 0.0, 0.0, 0.0, 0.0, 0.0, 0.0, 0.0, 0.0, 0.0, 0.0, 1.0, 0.0, 0.0, 0.0, 0.0, 0.0, 0.0, 0.0, 0.0, 0.0, 0.0, 0.0, 0.0, 0.0, 0.0, 0.0, 0.0]"
NODE_0000147,"[0.9999799241974969, 5.715637140202802e-07, 1.2770344426108819e-06, 5.900693578697673e-07, 5.112209440606838e-07, 5.773885611925607e-07, 5.707501234482978e-07, 5.781664980798245e-07, 5.843967948446221e-07, 5.753283510120178e-07, 5.959333982629024e-07, 5.766811602418946e-07, 5.7031311449851e-07, 5.644708124304302e-07, 1.5647274694914716e-06, 4.0797110865762983e-07, 5.638237943597518e-07, 5.766811602419158e-07, 5.766811602419479e-07, 5.458115562854839e-07, 3.868764336730057e-07, 6.247752207430111e-07, 3.440273227111511e-07, 5.824535238822774e-07, 1.20684442891494e-06, 5.47336952637095e-07, 7.587343386057682e-07, 5.510837265567564e-07, 6.439205100519056e-07, 1.4674178106534026e-06, 5.833187127919504e-07]"
hMpxV/Australia/VIC-VIDRL-2389/2024|EPI_ISL_19459797|2024-04-18,"[1.0, 0.0, 0.0, 0.0, 0.0, 0.0, 0.0, 0.0, 0.0, 0.0, 0.0, 0.0, 0.0, 0.0, 0.0, 0.0, 0.0, 0.0, 0.0, 0.0, 0.0, 0.0, 0.0, 0.0, 0.0, 0.0, 0.0, 0.0, 0.0, 0.0, 0.0]"
NODE_0000148,"[0.9999999940184087, 1.5530663527915656e-10, 5.649766087672787e-10, 1.5940243203413872e-10, 1.3771382460602746e-10, 1.568496035624652e-10, 1.558326147476365e-10, 1.5737677803820902e-10, 1.5852612370137778e-10, 1.5626014714527962e-10, 1.5878709516929457e-10, 1.5723425403457397e-10, 1.4989165096797828e-10, 1.5188164983763957e-10, 4.383897654328311e-10, 1.0575710038020033e-10, 1.4952286345308283e-10, 1.5723425403460636e-10, 1.572342540346519e-10, 1.4480319933274327e-10, 1.502700442629099e-10, 1.6051495512640782e-10, 8.66399416860687e-11, 1.5824357028941446e-10, 4.465328973258416e-10, 1.492578214106552e-10, 1.6036301926634667e-10, 1.511620931870527e-10, 1.5887712997391738e-10, 6.285675183984117e-10, 1.5818119506190158e-10]"
hMpxV/Australia/VIC-VIDRL-2390/2024|EPI_ISL_19459734|2024-04-18,"[1.0, 0.0, 0.0, 0.0, 0.0, 0.0, 0.0, 0.0, 0.0, 0.0, 0.0, 0.0, 0.0, 0.0, 0.0, 0.0, 0.0, 0.0, 0.0, 0.0, 0.0, 0.0, 0.0, 0.0, 0.0, 0.0, 0.0, 0.0, 0.0, 0.0, 0.0]"
hMpxV/Australia/VIC-VIDRL-40803/2024|EPI_ISL_19459753|2024-04-24,"[0.9999999999999999, 0.0, 0.0, 0.0, 0.0, 0.0, 0.0, 0.0, 0.0, 0.0, 0.0, 0.0, 0.0, 0.0, 0.0, 0.0, 0.0, 0.0, 0.0, 0.0, 0.0, 0.0, 0.0, 0.0, 0.0, 0.0, 0.0, 0.0, 0.0, 0.0, 0.0]"
NODE_0000149,"[7.094419405338927e-07, 3.8674041230864223e-07, 1.953327126117941e-07, 4.0254497978463834e-07, 3.4351106869471466e-07, 3.90743861606882e-07, 3.860631619314018e-07, 3.918612157169817e-07, 3.969696615639654e-07, 3.8944291124219986e-07, 1.5156983868751687e-06, 3.902446626494362e-07, 4.2480620456955533e-07, 3.8200410593339137e-07, 0.9998617006357905, 2.699840748924702e-07, 3.814802119814199e-07, 3.902446626494116e-07, 3.902446626494085e-07, 3.6742981277439543e-07, 2.8475066399664303e-07, 1.1544548822888805e-06, 4.821625582873531e-07, 3.9468958986508776e-07, 9.496448483814837e-07, 3.68958922288724e-07, 0.00011729772958054374, 3.7229069263036285e-07, 7.727164513704421e-06, 3.668610225805599e-07, 3.9586822391273043e-07]"
hMpxV/Japan/OIPH-001/2023|EPI_ISL_17518107|2023-03-17,"[0.0, 0.0, 0.0, 0.0, 0.0, 0.0, 0.0, 0.0, 0.0, 0.0, 0.0, 0.0, 0.0, 0.0, 1.0, 0.0, 0.0, 0.0, 0.0, 0.0, 0.0, 0.0, 0.0, 0.0, 0.0, 0.0, 0.0, 0.0, 0.0, 0.0, 0.0]"
NODE_0000150,"[2.6662781396546897e-08, 1.388709888314767e-08, 6.7791596632049106e-09, 1.4388383640511949e-08, 1.2311221686327414e-08, 1.4035636616858122e-08, 1.3874885886747217e-08, 1.4070609400376262e-08, 1.4231359233542879e-08, 1.3984491624604447e-08, 5.939293128915834e-08, 1.4024888960650189e-08, 1.5236199633162944e-08, 1.368944384102834e-08, 0.9999939772880183, 9.614726306212839e-09, 1.3632068158518801e-08, 1.4024888960646948e-08, 1.4024888960646594e-08, 1.3152263168369692e-08, 1.1149830735321406e-08, 4.3855493462801444e-08, 1.8248221160399655e-08, 1.4166515944629392e-08, 3.592069888124778e-08, 1.3261947883970128e-08, 5.2119409941200105e-06, 1.3379726828807811e-08, 3.222633171194895e-07, 1.3311494091223564e-08, 1.4195813882541482e-08]"
hMpxV/Japan/TMIPH-0129/2023|EPI_ISL_17762485|2023-05-17,"[0.0, 0.0, 0.0, 0.0, 0.0, 0.0, 0.0, 0.0, 0.0, 0.0, 0.0, 0.0, 0.0, 0.0, 1.0, 0.0, 0.0, 0.0, 0.0, 0.0, 0.0, 0.0, 0.0, 0.0, 0.0, 0.0, 0.0, 0.0, 0.0, 0.0, 0.0]"
hMpxV/Japan/TMIPH-0112/2023|EPI_ISL_17959215|2023-05-11,"[0.0, 0.0, 0.0, 0.0, 0.0, 0.0, 0.0, 0.0, 0.0, 0.0, 0.0, 0.0, 0.0, 0.0, 1.0, 0.0, 0.0, 0.0, 0.0, 0.0, 0.0, 0.0, 0.0, 0.0, 0.0, 0.0, 0.0, 0.0, 0.0, 0.0, 0.0]"
NODE_0000153,"[1.3853351159861252e-10, 2.1642128001432612e-10, 7.023584920012244e-11, 2.2603362739499655e-10, 1.8208584296499193e-10, 2.1959621648694914e-10, 2.169531750811383e-10, 2.2059147970244394e-10, 2.2347496280954645e-10, 2.1845354199124527e-10, 3.198618462662374e-10, 2.200590421051398e-10, 2.1429445837906556e-10, 2.1040044329649358e-10, 2.7985507053902086e-06, 1.2729618461308234e-10, 2.0668442751622644e-10, 2.2005904210487734e-10, 2.2005904210467406e-10, 1.9721296934728812e-10, 5.956757097897269e-11, 9.739323505019275e-10, 1.206550644997879e-10, 2.2260766819628057e-10, 7.027449635201817e-10, 2.0371410647553863e-10, 0.9999971943151934, 2.0726678903185638e-10, 5.060245553963509e-10, 4.6536115932271326e-11, 2.2274497943576408e-10]"
hMpxV/South_Korea/KDCA-P007/2023|EPI_ISL_18147345|2023-04-10,"[0.0, 0.0, 0.0, 0.0, 0.0, 0.0, 0.0, 0.0, 0.0, 0.0, 0.0, 0.0, 0.0, 0.0, 0.0, 0.0, 0.0, 0.0, 0.0, 0.0, 0.0, 0.0, 0.0, 0.0, 0.0, 0.0, 1.0, 0.0, 0.0, 0.0, 0.0]"
hMpxV/South_Korea/KDCA-P018/2023|EPI_ISL_18147348|2023-04-18,"[0.0, 0.0, 0.0, 0.0, 0.0, 0.0, 0.0, 0.0, 0.0, 0.0, 0.0, 0.0, 0.0, 0.0, 0.0, 0.0, 0.0, 0.0, 0.0, 0.0, 0.0, 0.0, 0.0, 0.0, 0.0, 0.0, 1.0, 0.0, 0.0, 0.0, 0.0]"
hMpxV/South_Korea/NMC-P003/2023|EPI_ISL_18744050|2023-05-03,"[0.0, 0.0, 0.0, 0.0, 0.0, 0.0, 0.0, 0.0, 0.0, 0.0, 0.0, 0.0, 0.0, 0.0, 0.0, 0.0, 0.0, 0.0, 0.0, 0.0, 0.0, 0.0, 0.0, 0.0, 0.0, 0.0, 1.0, 0.0, 0.0, 0.0, 0.0]"
NODE_0000138,"[1.1515868185687228e-11, 4.958982674275331e-12, 2.0000135246768063e-12, 5.1475035228883756e-12, 4.35107722901878e-12, 5.010666990975574e-12, 4.971548659656038e-12, 5.036318166178084e-12, 5.089078319519024e-12, 4.993702878814305e-12, 3.3880332130444297e-11, 5.021330136930162e-12, 5.513803134514678e-12, 4.854848258498996e-12, 0.9999999871101388, 3.2790538651544465e-12, 4.782604858455818e-12, 5.0213301369222976e-12, 5.021330136920781e-12, 4.603051680722605e-12, 5.232009071914603e-12, 2.1799541251084634e-11, 7.972206088169792e-12, 5.064433646260745e-12, 1.7036590693750566e-11, 4.739167991413217e-12, 1.237778144965954e-08, 4.8110206818923155e-12, 3.1075890719680006e-10, 4.5411867548819866e-12, 5.072456021281244e-12]"
hMpxV/Japan/TMIPH-220531/2023|EPI_ISL_17445518|2023-03-31,"[0.0, 0.0, 0.0, 0.0, 0.0, 0.0, 0.0, 0.0, 0.0, 0.0, 0.0, 0.0, 0.0, 0.0, 1.0, 0.0, 0.0, 0.0, 0.0, 0.0, 0.0, 0.0, 0.0, 0.0, 0.0, 0.0, 0.0, 0.0, 0.0, 0.0, 0.0]"
hMpxV/Japan/TMIPH-0113/2023|EPI_ISL_17959216|2023-05-12,"[0.0, 0.0, 0.0, 0.0, 0.0, 0.0, 0.0, 0.0, 0.0, 0.0, 0.0, 0.0, 0.0, 0.0, 1.0, 0.0, 0.0, 0.0, 0.0, 0.0, 0.0, 0.0, 0.0, 0.0, 0.0, 0.0, 0.0, 0.0, 0.0, 0.0, 0.0]"
NODE_0000139,"[6.528333766998488e-10, 3.219954387855811e-10, 1.5098324264474058e-10, 3.3187799486785113e-10, 2.848389137591981e-10, 3.2555972188143787e-10, 3.220394842692004e-10, 3.2624647402202886e-10, 3.2937690283866776e-10, 3.242579067422801e-10, 1.529453299637722e-09, 3.2550605682830867e-10, 3.5285353386304935e-10, 3.166717189137696e-10, 0.9999998241351653, 2.2079624790838557e-10, 3.143045527110523e-10, 3.2550605682811475e-10, 3.255060568280736e-10, 3.0380827857002175e-10, 2.863535867793511e-10, 1.0877343378834568e-09, 4.502891061567846e-10, 3.283090800676395e-10, 8.863749184702854e-10, 3.078538741836731e-10, 1.5523313445592716e-07, 3.105510792717715e-10, 8.948702637321945e-09, 3.124648746161569e-10, 3.286514355513991e-10]"
hMpxV/Japan/TMIPH-0037/2023|EPI_ISL_17665625|2023-04-18,"[0.0, 0.0, 0.0, 0.0, 0.0, 0.0, 0.0, 0.0, 0.0, 0.0, 0.0, 0.0, 0.0, 0.0, 1.0, 0.0, 0.0, 0.0, 0.0, 0.0, 0.0, 0.0, 0.0, 0.0, 0.0, 0.0, 0.0, 0.0, 0.0, 0.0, 0.0]"
hMpxV/Japan/TMIPH-0007/2023|EPI_ISL_17592665|2023-04-03,"[0.0, 0.0, 0.0, 0.0, 0.0, 0.0, 0.0, 0.0, 0.0, 0.0, 0.0, 0.0, 0.0, 0.0, 0.9999999999999999, 0.0, 0.0, 0.0, 0.0, 0.0, 0.0, 0.0, 0.0, 0.0, 0.0, 0.0, 0.0, 0.0, 0.0, 0.0, 0.0]"
NODE_0000144,"[1.766887745517981e-08, 9.42435974651362e-09, 4.6842135292518934e-09, 9.786963079369249e-09, 8.36324294607106e-09, 9.523556557854096e-09, 9.411797224163549e-09, 9.548933254411221e-09, 9.665811857001927e-09, 9.490362834664432e-09, 3.848419802045427e-08, 9.513700534850246e-09, 1.0345444024238427e-08, 9.299940523552244e-09, 0.9999963266431832, 6.553466521206089e-09, 9.274615726456229e-09, 9.513700534837695e-09, 9.513700534834925e-09, 8.940693296200305e-09, 7.2338270163398635e-09, 2.8883000573443325e-08, 1.2049468557646782e-08, 9.616044323352504e-09, 2.371330187752756e-08, 8.995541154609939e-09, 3.144354522016535e-06, 9.07587084519297e-09, 2.0179845480225042e-07, 8.988834348972712e-09, 9.640372776529968e-09]"
hMpxV/Japan/TMIPH-230002/2023|EPI_ISL_17445519|2023-03-31,"[0.0, 0.0, 0.0, 0.0, 0.0, 0.0, 0.0, 0.0, 0.0, 0.0, 0.0, 0.0, 0.0, 0.0, 1.0, 0.0, 0.0, 0.0, 0.0, 0.0, 0.0, 0.0, 0.0, 0.0, 0.0, 0.0, 0.0, 0.0, 0.0, 0.0, 0.0]"
NODE_0000145,"[2.6575921096883496e-09, 1.3431193409100097e-09, 6.411854781461807e-10, 1.387918695131799e-09, 1.1893507178678455e-09, 1.357724555090421e-09, 1.3426737336758785e-09, 1.360886421203005e-09, 1.37515598848131e-09, 1.3525327821063528e-09, 6.093674224693428e-09, 1.3571321395930644e-09, 1.4728820335942155e-09, 1.3223434373953293e-09, 0.9999993352344363, 9.250305612855294e-10, 1.3144484076754567e-09, 1.357132139591244e-09, 1.3571321395908302e-09, 1.269328103389251e-09, 1.1401545518910917e-09, 4.405782016125143e-09, 1.8260778029564979e-09, 1.3697781726788845e-09, 3.5978791320277767e-09, 1.2834121603943558e-09, 5.821500930038596e-07, 1.294802886915178e-09, 3.4553047135767507e-08, 1.2953874087257254e-09, 1.3719063600240846e-09]"
hMpxV/Japan/TMIPH-0072/2023|EPI_ISL_17692268|2023-04-28,"[0.0, 0.0, 0.0, 0.0, 0.0, 0.0, 0.0, 0.0, 0.0, 0.0, 0.0, 0.0, 0.0, 0.0, 1.0, 0.0, 0.0, 0.0, 0.0, 0.0, 0.0, 0.0, 0.0, 0.0, 0.0, 0.0, 0.0, 0.0, 0.0, 0.0, 0.0]"
NODE_0000146,"[3.0931106856548987e-09, 1.569748770238369e-09, 7.517173328235702e-10, 1.6227516100344628e-09, 1.390271076016751e-09, 1.5867729069486064e-09, 1.5691046859592427e-09, 1.5905144975232905e-09, 1.6074152780816144e-09, 1.5807485110901599e-09, 7.064526775068608e-09, 1.586006552062521e-09, 1.7215624455723546e-09, 1.5457465221023775e-09, 0.9999992375552931, 1.081927391028921e-09, 1.5369098282395978e-09, 1.5860065520603956e-09, 1.5860065520599232e-09, 1.4839405828870726e-09, 1.3221249494223621e-09, 5.122369412902803e-09, 2.1240326029152717e-09, 1.600966157204605e-09, 4.184776413132659e-09, 1.4998353606063162e-09, 6.665869899567685e-07, 1.5131589098818404e-09, 3.981946561352072e-08, 1.5126188485968468e-09, 1.6035802270256448e-09]"
hMpxV/Japan/TMIPH-0174/2023|EPI_ISL_17837267|2023-06-12,"[0.0, 0.0, 0.0, 0.0, 0.0, 0.0, 0.0, 0.0, 0.0, 0.0, 0.0, 0.0, 0.0, 0.0, 1.0, 0.0, 0.0, 0.0, 0.0, 0.0, 0.0, 0.0, 0.0, 0.0, 0.0, 0.0, 0.0, 0.0, 0.0, 0.0, 0.0]"
hMpxV/Japan/TMIPH-0109/2023|EPI_ISL_17959214|2023-05-11,"[0.0, 0.0, 0.0, 0.0, 0.0, 0.0, 0.0, 0.0, 0.0, 0.0, 0.0, 0.0, 0.0, 0.0, 1.0, 0.0, 0.0, 0.0, 0.0, 0.0, 0.0, 0.0, 0.0, 0.0, 0.0, 0.0, 0.0, 0.0, 0.0, 0.0, 0.0]"
NODE_0000140,"[1.8058678451098902e-09, 9.242006221946344e-10, 4.286586695862726e-10, 9.64888157962936e-10, 8.157926950151617e-10, 9.336390515868225e-10, 9.238838447766643e-10, 9.376414036820718e-10, 9.49994587702808e-10, 9.308821230857691e-10, 4.312833887197494e-09, 9.33787557441815e-10, 1.026894957180287e-09, 9.103965482521165e-10, 0.9999992975015951, 6.306548179231919e-10, 9.05315188290021e-10, 9.337875574405456e-10, 9.337875574402667e-10, 8.706475832452956e-10, 7.394513208446837e-10, 3.3328470844830223e-09, 1.236396454204985e-09, 9.4435302539467e-10, 2.5239874210135582e-09, 8.815123417847671e-10, 6.420236558572193e-07, 8.962328839310412e-10, 2.705703472511519e-08, 8.423341825972645e-10, 9.47044967092445e-10]"
hMpxV/Japan/TMIPH-0047/2023|EPI_ISL_17665626|2023-04-19,"[0.0, 0.0, 0.0, 0.0, 0.0, 0.0, 0.0, 0.0, 0.0, 0.0, 0.0, 0.0, 0.0, 0.0, 0.9999999999999999, 0.0, 0.0, 0.0, 0.0, 0.0, 0.0, 0.0, 0.0, 0.0, 0.0, 0.0, 0.0, 0.0, 0.0, 0.0, 0.0]"
hMpxV/Japan/TMIPH-0019/2023|EPI_ISL_17592670|2023-04-11,"[0.0, 0.0, 0.0, 0.0, 0.0, 0.0, 0.0, 0.0, 0.0, 0.0, 0.0, 0.0, 0.0, 0.0, 1.0, 0.0, 0.0, 0.0, 0.0, 0.0, 0.0, 0.0, 0.0, 0.0, 0.0, 0.0, 0.0, 0.0, 0.0, 0.0, 0.0]"
NODE_0000141,"[0.0008135792611752053, 0.0006819080887572417, 0.0003984170904339964, 0.0007118508759853913, 0.0006028930729938323, 0.0006896334493137268, 0.0006780967125290982, 0.0006897612852952499, 0.0006997060742691045, 0.0006873513917134351, 0.0012550151154096603, 0.00068724477307358, 0.0008758981574391858, 0.0006772243047704176, 0.9560316795396473, 0.0004821033363605749, 0.0006874908857050327, 0.0006872447730735613, 0.0006872447730735583, 0.0006595919375075042, 0.00028422627509463967, 0.009639885516475037, 0.0005697269859612462, 0.0006967912531358671, 0.0010133679239503796, 0.0006463971459066788, 0.012989352536029111, 0.0007785112045816331, 0.0027731097571662795, 0.0005260710850393127, 0.0006986254181330198]"
hMpxV/Japan/NCGHM-001/2024|EPI_ISL_19293742|2024-03-03,"[0.0, 0.0, 0.0, 0.0, 0.0, 0.0, 0.0, 0.0, 0.0, 0.0, 0.0, 0.0, 0.0, 0.0, 0.9999999999999999, 0.0, 0.0, 0.0, 0.0, 0.0, 0.0, 0.0, 0.0, 0.0, 0.0, 0.0, 0.0, 0.0, 0.0, 0.0, 0.0]"
NODE_0000142,"[5.657104760637104e-09, 8.282318151712475e-09, 3.471542418779462e-09, 8.715141597309803e-09, 7.0250483039179605e-09, 8.410926425327559e-09, 8.255026005831815e-09, 8.427004363627288e-09, 8.571682180166201e-09, 8.366030509592891e-09, 9.980096279429141e-09, 8.388831023174966e-09, 1.883043440384144e-08, 8.144560529484934e-09, 9.315665736866981e-08, 5.120808700893134e-09, 8.265722372435677e-09, 8.388831023185024e-09, 8.388831023142602e-09, 7.755408332774314e-09, 1.9392256600444496e-09, 0.9999996246858328, 4.339933789873299e-09, 8.521197688913003e-09, 8.045012614012356e-09, 7.754525316298297e-09, 5.1241638218387296e-08, 1.7369910095716315e-08, 1.3328887524089566e-08, 2.6254366289794776e-09, 8.546393996287186e-09]"
hMpxV/Philippines/RITM-028/2024|EPI_ISL_19456608|2024-09-12,"[0.0, 0.0, 0.0, 0.0, 0.0, 0.0, 0.0, 0.0, 0.0, 0.0, 0.0, 0.0, 0.0, 0.0, 0.0, 0.0, 0.0, 0.0, 0.0, 0.0, 0.0, 1.0, 0.0, 0.0, 0.0, 0.0, 0.0, 0.0, 0.0, 0.0, 0.0]"
hMpxV/Philippines/RITM-029/2024|EPI_ISL_19456609|2024-09-12,"[0.0, 0.0, 0.0, 0.0, 0.0, 0.0, 0.0, 0.0, 0.0, 0.0, 0.0, 0.0, 0.0, 0.0, 0.0, 0.0, 0.0, 0.0, 0.0, 0.0, 0.0, 1.0, 0.0, 0.0, 0.0, 0.0, 0.0, 0.0, 0.0, 0.0, 0.0]"
NODE_0000124,"[3.718984279518084e-14, 8.424408807658201e-14, 1.4894746254333323e-14, 8.91140589858927e-14, 6.679375565815349e-14, 8.56867870840248e-14, 8.509231502281514e-14, 8.658578574385748e-14, 8.769081129039061e-14, 8.521459529895758e-14, 1.4322123318703101e-13, 8.647525722957639e-14, 1.087151451180831e-13, 8.020392688131293e-14, 3.696416799086114e-08, 4.055612085457963e-14, 7.727183205732222e-14, 8.647525722948994e-14, 8.647525722942079e-14, 7.230762938160749e-14, 1.7825000788651115e-14, 1.8905144847163772e-11, 3.7934629786180276e-14, 8.73755547845062e-14, 3.762913679025291e-13, 7.839890108209041e-14, 0.9999999630143604, 1.0916359404275672e-13, 2.615246684597173e-13, 6.47977815859796e-15, 8.725929025697817e-14]"
hMpxV/South_Korea/KDCA-P011/2023|EPI_ISL_18147340|2023-04-14,"[0.0, 0.0, 0.0, 0.0, 0.0, 0.0, 0.0, 0.0, 0.0, 0.0, 0.0, 0.0, 0.0, 0.0, 0.0, 0.0, 0.0, 0.0, 0.0, 0.0, 0.0, 0.0, 0.0, 0.0, 0.0, 0.0, 0.9999999999999999, 0.0, 0.0, 0.0, 0.0]"
hMpxV/South_Korea/KDCA-P028/2023|EPI_ISL_18147336|2023-04-22,"[0.0, 0.0, 0.0, 0.0, 0.0, 0.0, 0.0, 0.0, 0.0, 0.0, 0.0, 0.0, 0.0, 0.0, 0.0, 0.0, 0.0, 0.0, 0.0, 0.0, 0.0, 0.0, 0.0, 0.0, 0.0, 0.0, 0.9999999999999999, 0.0, 0.0, 0.0, 0.0]"
hMpxV/South_Korea/KDCA-P021/2023|EPI_ISL_18147343|2023-04-21,"[0.0, 0.0, 0.0, 0.0, 0.0, 0.0, 0.0, 0.0, 0.0, 0.0, 0.0, 0.0, 0.0, 0.0, 0.0, 0.0, 0.0, 0.0, 0.0, 0.0, 0.0, 0.0, 0.0, 0.0, 0.0, 0.0, 1.0, 0.0, 0.0, 0.0, 0.0]"
hMpxV/South_Korea/KDCA-P032/2023|EPI_ISL_18147337|2023-04-25,"[0.0, 0.0, 0.0, 0.0, 0.0, 0.0, 0.0, 0.0, 0.0, 0.0, 0.0, 0.0, 0.0, 0.0, 0.0, 0.0, 0.0, 0.0, 0.0, 0.0, 0.0, 0.0, 0.0, 0.0, 0.0, 0.0, 1.0, 0.0, 0.0, 0.0, 0.0]"
hMpxV/Japan/TMIPH-230367/2024|EPI_ISL_19151800|2024-01-31,"[0.0, 0.0, 0.0, 0.0, 0.0, 0.0, 0.0, 0.0, 0.0, 0.0, 0.0, 0.0, 0.0, 0.0, 1.0, 0.0, 0.0, 0.0, 0.0, 0.0, 0.0, 0.0, 0.0, 0.0, 0.0, 0.0, 0.0, 0.0, 0.0, 0.0, 0.0]"
hMpxV/Philippines/RITM-006/2023|EPI_ISL_19409300|2023-07-07,"[0.0, 0.0, 0.0, 0.0, 0.0, 0.0, 0.0, 0.0, 0.0, 0.0, 0.0, 0.0, 0.0, 0.0, 0.0, 0.0, 0.0, 0.0, 0.0, 0.0, 0.0, 0.9999999999999999, 0.0, 0.0, 0.0, 0.0, 0.0, 0.0, 0.0, 0.0, 0.0]"
NODE_0000118,"[1.5451863140580647e-06, 2.1389467107760154e-06, 8.98978468375916e-07, 5.278846181513056e-06, 1.8133205258157273e-06, 2.169092300900135e-06, 2.132649675784837e-06, 2.1731766258239814e-06, 2.2049154281668023e-06, 2.15990846094505e-06, 2.8024091979748268e-06, 2.16741545455782e-06, 4.87376376336951e-06, 2.100295788650391e-06, 0.0002142136655309542, 1.3286679744624046e-06, 2.0998979053344903e-06, 2.1674154545577375e-06, 2.1674154545583554e-06, 2.0072514450712966e-06, 5.35661723278655e-07, 2.883181818977854e-06, 1.2142008802574988e-06, 2.1978823953870317e-06, 2.21422611036395e-06, 2.003707421285297e-06, 8.829886985340365e-06, 2.021809288308268e-06, 0.9997167396180998, 7.161190651943064e-07, 2.2004875498865614e-06]"
hMpxV/Thailand/KCMH-462/2023|EPI_ISL_19437780|2023-12-22,"[0.0, 0.0, 0.0, 0.0, 0.0, 0.0, 0.0, 0.0, 0.0, 0.0, 0.0, 0.0, 0.0, 0.0, 0.0, 0.0, 0.0, 0.0, 0.0, 0.0, 0.0, 0.0, 0.0, 0.0, 0.0, 0.0, 0.0, 0.0, 1.0, 0.0, 0.0]"
NODE_0000123,"[5.683876881957953e-10, 9.871857275804016e-10, 3.175509872895016e-10, 3.5755618054861283e-09, 8.140313734937523e-10, 1.0032341779683835e-09, 9.872827544946455e-10, 1.0067503255949372e-09, 1.021148817891649e-09, 9.979953867275012e-10, 1.2526356357584002e-09, 1.0046134730396404e-09, 3.1772157320118444e-09, 9.604230030088463e-10, 2.1816576579542057e-07, 5.583935548537591e-10, 9.499024470947704e-10, 1.004613473039486e-09, 1.0046134730406051e-09, 9.024608232976324e-10, 2.0682192319852872e-10, 1.2751824707563578e-09, 4.784974659598356e-10, 1.0181355460843166e-09, 9.107140618900741e-10, 9.194327911445123e-10, 3.3626468020392426e-09, 9.32772374399928e-10, 0.9999997494199592, 1.97657802896932e-10, 1.018413172620532e-09]"
hMpxV/Thailand/KCMH-295/2023|EPI_ISL_19437772|2023-07-03,"[0.0, 0.0, 0.0, 0.0, 0.0, 0.0, 0.0, 0.0, 0.0, 0.0, 0.0, 0.0, 0.0, 0.0, 0.0, 0.0, 0.0, 0.0, 0.0, 0.0, 0.0, 0.0, 0.0, 0.0, 0.0, 0.0, 0.0, 0.0, 1.0, 0.0, 0.0]"
hMpxV/Thailand/KCMH-283/2023|EPI_ISL_19437779|2023-06-28,"[0.0, 0.0, 0.0, 0.0, 0.0, 0.0, 0.0, 0.0, 0.0, 0.0, 0.0, 0.0, 0.0, 0.0, 0.0, 0.0, 0.0, 0.0, 0.0, 0.0, 0.0, 0.0, 0.0, 0.0, 0.0, 0.0, 0.0, 0.0, 1.0, 0.0, 0.0]"
NODE_0000121,"[7.613599210059554e-08, 1.6155144461897275e-07, 4.935553134913629e-08, 0.00010169200219850286, 1.3178783241787684e-07, 1.6451912609657322e-07, 1.615475977040327e-07, 1.648616015823477e-07, 1.6714097701377971e-07, 1.6343858154744181e-07, 1.5995676487818594e-07, 1.6460303073844593e-07, 4.215873901966247e-07, 1.5686371255577848e-07, 1.493015921082775e-06, 8.859590340748632e-08, 1.5496056620506844e-07, 1.6460303073844704e-07, 1.6460303073847322e-07, 1.471156774049006e-07, 2.7701901564612873e-08, 1.7247548643778832e-07, 6.563612129008161e-08, 1.6680235266266285e-07, 1.2195840944449006e-07, 1.4992253033643143e-07, 1.4282040544252042e-07, 1.5183485558793127e-07, 0.9998927602082679, 2.565840124312826e-08, 1.6673535715251822e-07]"
hMpxV/Thailand/KCMH-455/2023|EPI_ISL_19437773|2023-12-01,"[0.0, 0.0, 0.0, 0.0, 0.0, 0.0, 0.0, 0.0, 0.0, 0.0, 0.0, 0.0, 0.0, 0.0, 0.0, 0.0, 0.0, 0.0, 0.0, 0.0, 0.0, 0.0, 0.0, 0.0, 0.0, 0.0, 0.0, 0.0, 1.0, 0.0, 0.0]"
hMpxV/Cambodia/NPHL1211017/2023|EPI_ISL_18697752|2023-12-11,"[0.0, 0.0, 0.0, 1.0, 0.0, 0.0, 0.0, 0.0, 0.0, 0.0, 0.0, 0.0, 0.0, 0.0, 0.0, 0.0, 0.0, 0.0, 0.0, 0.0, 0.0, 0.0, 0.0, 0.0, 0.0, 0.0, 0.0, 0.0, 0.0, 0.0, 0.0]"
NODE_0000122,"[2.2228535431986767e-08, 4.1243643183561976e-08, 1.5196331980858914e-08, 1.6362189058530274e-06, 3.443266724156766e-08, 4.1950252307171756e-08, 4.11708301665966e-08, 4.199266777053044e-08, 4.259220648045102e-08, 4.1684546787668617e-08, 4.056289178755151e-08, 4.1888002556426476e-08, 1.2385129919625813e-07, 4.031217332931122e-08, 5.990802026545595e-07, 2.427211102142653e-08, 4.010793896115763e-08, 4.188800255642588e-08, 4.1888002556432445e-08, 3.819385125270792e-08, 8.027650160338134e-09, 4.4039226895912996e-08, 1.8306454817104032e-08, 4.246063315542741e-08, 3.2792124217928356e-08, 3.850287971903136e-08, 3.6290442753117347e-08, 3.885872302486563e-08, 0.9999966983973487, 9.07656891841368e-09, 4.249288449984719e-08]"
hMpxV/Thailand/KCMH-459/2023|EPI_ISL_19437775|2023-12-12,"[0.0, 0.0, 0.0, 0.0, 0.0, 0.0, 0.0, 0.0, 0.0, 0.0, 0.0, 0.0, 0.0, 0.0, 0.0, 0.0, 0.0, 0.0, 0.0, 0.0, 0.0, 0.0, 0.0, 0.0, 0.0, 0.0, 0.0, 0.0, 1.0, 0.0, 0.0]"
hMpxV/Thailand/KCMH-465/2023|EPI_ISL_19437776|2023-12-28,"[0.0, 0.0, 0.0, 0.0, 0.0, 0.0, 0.0, 0.0, 0.0, 0.0, 0.0, 0.0, 0.0, 0.0, 0.0, 0.0, 0.0, 0.0, 0.0, 0.0, 0.0, 0.0, 0.0, 0.0, 0.0, 0.0, 0.0, 0.0, 0.9999999999999999, 0.0, 0.0]"
NODE_0000113,"[0.00046927438274723386, 0.0005953641660396932, 0.00026490502173896914, 0.0009283256640450966, 0.0005101338935381729, 0.000603806716374892, 0.0005934155298579917, 0.000604716859549514, 0.0006139329621293931, 0.00060092824288036, 0.0008257288218660639, 0.0006024937103109962, 0.04296808253454475, 0.0005883586244601667, 0.035818328851352985, 0.00037951707879849004, 0.0008217663738435011, 0.0006024937103109834, 0.000602493710311039, 0.0005608306773512717, 0.00016596487671719466, 0.001203776895351094, 0.0003597940907161678, 0.0006110709512246789, 0.0006532842697261797, 0.0005595733509696468, 0.002687543100239592, 0.0005668047017355633, 0.9027959850138849, 0.00022885925137457804, 0.0006124459660086992]"
hMpxV/Thailand/KCMH-026/2023|EPI_ISL_19437777|2023-05-12,"[0.0, 0.0, 0.0, 0.0, 0.0, 0.0, 0.0, 0.0, 0.0, 0.0, 0.0, 0.0, 0.0, 0.0, 0.0, 0.0, 0.0, 0.0, 0.0, 0.0, 0.0, 0.0, 0.0, 0.0, 0.0, 0.0, 0.0, 0.0, 0.9999999999999999, 0.0, 0.0]"
NODE_0000114,"[1.4775923874129697e-05, 3.380687052785983e-05, 9.341465967618919e-06, 4.8745045572230785e-05, 2.7006681463217038e-05, 3.439340311581228e-05, 3.38574603478738e-05, 3.472643259861037e-05, 3.527458881418122e-05, 3.433450922422689e-05, 3.472255478623372e-05, 3.455558058298837e-05, 0.9944403001325066, 4.3095085832093494e-05, 0.00012119837559875006, 1.7709675167692526e-05, 0.00041281641604403894, 3.455558058298842e-05, 3.455558058298917e-05, 3.055517253322341e-05, 5.643066806891229e-06, 0.0011343185196613728, 1.8969304078368084e-05, 3.502301119732334e-05, 2.971347559957849e-05, 3.126171944279887e-05, 4.7373281958935924e-05, 4.642681453138243e-05, 0.0030998415266625477, 5.981742162282765e-06, 3.512100217505381e-05]"
hMpxV/Indonesia/JK-NIHRD-MP010/2023|EPI_ISL_18436041|2023-10-20,"[0.0, 0.0, 0.0, 0.0, 0.0, 0.0, 0.0, 0.0, 0.0, 0.0, 0.0, 0.0, 1.0, 0.0, 0.0, 0.0, 0.0, 0.0, 0.0, 0.0, 0.0, 0.0, 0.0, 0.0, 0.0, 0.0, 0.0, 0.0, 0.0, 0.0, 0.0]"
hMpxV/Indonesia/JK-NIHRD-MP005/2023|EPI_ISL_18436040|2023-10-12,"[0.0, 0.0, 0.0, 0.0, 0.0, 0.0, 0.0, 0.0, 0.0, 0.0, 0.0, 0.0, 1.0, 0.0, 0.0, 0.0, 0.0, 0.0, 0.0, 0.0, 0.0, 0.0, 0.0, 0.0, 0.0, 0.0, 0.0, 0.0, 0.0, 0.0, 0.0]"
hMpxV/Netherlands/un-EMC-NL105/2024|EPI_ISL_19002300|2024-03-07,"[0.0, 0.0, 0.0, 0.0, 0.0, 0.0, 0.0, 0.0, 0.0, 0.0, 0.0, 0.0, 0.0, 0.0, 0.0, 0.0, 1.0, 0.0, 0.0, 0.0, 0.0, 0.0, 0.0, 0.0, 0.0, 0.0, 0.0, 0.0, 0.0, 0.0, 0.0]"
NODE_0000117,"[8.549054042463135e-08, 1.5313124688520238e-07, 5.937856988719622e-08, 1.607409581855044e-07, 1.279436888233113e-07, 1.5572442501129807e-07, 1.5271653534390722e-07, 1.5580558447497972e-07, 1.5804052349331807e-07, 1.5478535148894148e-07, 1.49469673939849e-07, 1.5544788642037733e-07, 4.787189438809236e-06, 1.5068319109605486e-07, 1.971134459922283e-07, 9.10074126228909e-08, 1.901193897318534e-07, 1.5544788642047776e-07, 1.5544788642006573e-07, 1.4260143159366392e-07, 2.991732063575531e-08, 0.9999909442179419, 6.972537657101258e-08, 1.5762682854277744e-07, 1.2391081086603778e-07, 1.428173302201082e-07, 2.8934159296290745e-07, 3.183387900143486e-07, 1.8999666213597298e-07, 3.8095267554368976e-08, 1.5772701174864126e-07]"
hMpxV/Philippines/RITM-007/2023|EPI_ISL_19420626|2023-12-05,"[0.0, 0.0, 0.0, 0.0, 0.0, 0.0, 0.0, 0.0, 0.0, 0.0, 0.0, 0.0, 0.0, 0.0, 0.0, 0.0, 0.0, 0.0, 0.0, 0.0, 0.0, 1.0, 0.0, 0.0, 0.0, 0.0, 0.0, 0.0, 0.0, 0.0, 0.0]"
hMpxV/Philippines/RITM-008/2023|EPI_ISL_19420632|2023-12-12,"[0.0, 0.0, 0.0, 0.0, 0.0, 0.0, 0.0, 0.0, 0.0, 0.0, 0.0, 0.0, 0.0, 0.0, 0.0, 0.0, 0.0, 0.0, 0.0, 0.0, 0.0, 1.0, 0.0, 0.0, 0.0, 0.0, 0.0, 0.0, 0.0, 0.0, 0.0]"
NODE_0000116,"[2.295718395211882e-12, 6.1408115951030585e-12, 1.3956751196628554e-12, 6.628448575856278e-12, 4.853011890294689e-12, 6.263622966458093e-12, 6.163244970963285e-12, 6.291191626095248e-12, 6.371159474708818e-12, 6.220260630001252e-12, 6.045408830752719e-12, 6.288572808046081e-12, 0.9999999997296999, 5.999371099917655e-12, 3.5091371517930886e-12, 3.0373992717450414e-12, 3.542764228015269e-11, 6.288572808045295e-12, 6.28857280804874e-12, 5.4318799457993414e-12, 8.820366170027566e-13, 4.645103066136091e-11, 2.2102430503085e-12, 6.3649558770091175e-12, 4.21756229417518e-12, 5.663078333579418e-12, 4.6281504537410985e-12, 5.911273932562958e-12, 5.6098205017422437e-11, 5.81406698000075e-13, 6.352550490546839e-12]"
hMpxV/Indonesia/JK-NIHRD-MP044/2023|EPI_ISL_18467805|2023-10-25,"[0.0, 0.0, 0.0, 0.0, 0.0, 0.0, 0.0, 0.0, 0.0, 0.0, 0.0, 0.0, 0.9999999999999999, 0.0, 0.0, 0.0, 0.0, 0.0, 0.0, 0.0, 0.0, 0.0, 0.0, 0.0, 0.0, 0.0, 0.0, 0.0, 0.0, 0.0, 0.0]"
hMpxV/Indonesia/JK-NIHRD-MP088/2023|EPI_ISL_18467807|2023-10-30,"[0.0, 0.0, 0.0, 0.0, 0.0, 0.0, 0.0, 0.0, 0.0, 0.0, 0.0, 0.0, 1.0, 0.0, 0.0, 0.0, 0.0, 0.0, 0.0, 0.0, 0.0, 0.0, 0.0, 0.0, 0.0, 0.0, 0.0, 0.0, 0.0, 0.0, 0.0]"
hMpxV/Indonesia/JK-Biokes-MP302/2023|EPI_ISL_19159111|2023-12-12,"[0.0, 0.0, 0.0, 0.0, 0.0, 0.0, 0.0, 0.0, 0.0, 0.0, 0.0, 0.0, 1.0, 0.0, 0.0, 0.0, 0.0, 0.0, 0.0, 0.0, 0.0, 0.0, 0.0, 0.0, 0.0, 0.0, 0.0, 0.0, 0.0, 0.0, 0.0]"
hMpxV/Indonesia/JB-Biokes-MP294/2023|EPI_ISL_19159109|2023-12-07,"[0.0, 0.0, 0.0, 0.0, 0.0, 0.0, 0.0, 0.0, 0.0, 0.0, 0.0, 0.0, 1.0, 0.0, 0.0, 0.0, 0.0, 0.0, 0.0, 0.0, 0.0, 0.0, 0.0, 0.0, 0.0, 0.0, 0.0, 0.0, 0.0, 0.0, 0.0]"
NODE_0000125,"[2.2108637710975497e-13, 5.079720368288808e-13, 9.224871002955553e-14, 5.330372777535373e-13, 4.033721625448084e-13, 5.162525017534197e-13, 5.131720961490505e-13, 5.212172774022387e-13, 5.291891608144816e-13, 5.135907581819353e-13, 8.227281584707389e-13, 5.215581971535265e-13, 4.843124801404666e-13, 4.829044795134026e-13, 5.638274049586758e-07, 2.469089410254997e-13, 4.615329482783281e-13, 5.215581971533722e-13, 5.21558197153294e-13, 4.377753320486808e-13, 1.0804713075925342e-13, 4.975454879959012e-12, 2.4868556400573744e-13, 5.288120579659791e-13, 2.9423547594566626e-12, 4.732169149565972e-13, 0.9999994361519593, 4.91508340954439e-13, 1.4480088988477501e-12, 4.064501051172059e-14, 5.271673143395985e-13]"
hMpxV/South_Korea/KDCA-P02/2023|EPI_ISL_18542113|2023-06-01,"[0.0, 0.0, 0.0, 0.0, 0.0, 0.0, 0.0, 0.0, 0.0, 0.0, 0.0, 0.0, 0.0, 0.0, 0.0, 0.0, 0.0, 0.0, 0.0, 0.0, 0.0, 0.0, 0.0, 0.0, 0.0, 0.0, 1.0, 0.0, 0.0, 0.0, 0.0]"
hMpxV/South_Korea/KDCA-P19/2023|EPI_ISL_18542119|2023-07-12,"[0.0, 0.0, 0.0, 0.0, 0.0, 0.0, 0.0, 0.0, 0.0, 0.0, 0.0, 0.0, 0.0, 0.0, 0.0, 0.0, 0.0, 0.0, 0.0, 0.0, 0.0, 0.0, 0.0, 0.0, 0.0, 0.0, 1.0, 0.0, 0.0, 0.0, 0.0]"
hMpxV/South_Korea/KDCA-P11/2023|EPI_ISL_18540495|2023-07-05,"[0.0, 0.0, 0.0, 0.0, 0.0, 0.0, 0.0, 0.0, 0.0, 0.0, 0.0, 0.0, 0.0, 0.0, 0.0, 0.0, 0.0, 0.0, 0.0, 0.0, 0.0, 0.0, 0.0, 0.0, 0.0, 0.0, 1.0, 0.0, 0.0, 0.0, 0.0]"
NODE_0000137,"[3.767651506510751e-08, 6.170409526158768e-08, 2.6254696229625852e-08, 6.410544010746611e-08, 5.2769093118354816e-08, 6.258327884454466e-08, 6.159228574546908e-08, 6.264547235834737e-08, 6.35719078916752e-08, 6.226694333323708e-08, 6.335800780586483e-08, 6.252452069051728e-08, 6.122370647245103e-08, 6.051647567920201e-08, 1.0711808945652012e-05, 3.896636615079446e-08, 6.025739352250513e-08, 6.252452069044627e-08, 6.25245206903904e-08, 5.7879063440522263e-08, 1.4611541679363463e-08, 1.827413401291555e-07, 3.231909044347017e-08, 6.34280956182158e-08, 1.393927729280351e-07, 5.8111056000536153e-08, 0.9999875051562078, 5.875066833336209e-08, 6.755445836967746e-08, 1.772261682760698e-08, 6.345890318926011e-08]"
hMpxV/South_Korea/KDCA-P10/2023|EPI_ISL_18542116|2023-09-15,"[0.0, 0.0, 0.0, 0.0, 0.0, 0.0, 0.0, 0.0, 0.0, 0.0, 0.0, 0.0, 0.0, 0.0, 0.0, 0.0, 0.0, 0.0, 0.0, 0.0, 0.0, 0.0, 0.0, 0.0, 0.0, 0.0, 1.0, 0.0, 0.0, 0.0, 0.0]"
hMpxV/South_Korea/KDCA-P09/2023|EPI_ISL_18542104|2023-07-05,"[0.0, 0.0, 0.0, 0.0, 0.0, 0.0, 0.0, 0.0, 0.0, 0.0, 0.0, 0.0, 0.0, 0.0, 0.0, 0.0, 0.0, 0.0, 0.0, 0.0, 0.0, 0.0, 0.0, 0.0, 0.0, 0.0, 1.0, 0.0, 0.0, 0.0, 0.0]"
NODE_0000132,"[1.4449459532474154e-07, 2.4432405654028e-07, 1.0043327469408451e-07, 2.538250807626681e-07, 2.0843068134278754e-07, 2.478743399137602e-07, 2.440024725906927e-07, 2.4816965536419695e-07, 2.516994098491143e-07, 2.4657069174173117e-07, 2.489978909289842e-07, 2.4769275073546726e-07, 2.412376458270394e-07, 2.3933811287207564e-07, 5.0749733546825656e-05, 1.5272016536540135e-07, 2.3793395981024866e-07, 2.476927507354393e-07, 2.47692750735423e-07, 2.2833845843546383e-07, 5.69424811934306e-08, 7.562512798032873e-07, 1.2454524698546082e-07, 2.5110845450665115e-07, 5.74093730076152e-07, 2.3005435850373495e-07, 0.9999421662049607, 2.3262195624926155e-07, 2.6047816940765937e-07, 6.528210842204603e-08, 2.512149639356892e-07]"
hMpxV/South_Korea/KDCA-P22/2023|EPI_ISL_18540494|2023-08-03,"[0.0, 0.0, 0.0, 0.0, 0.0, 0.0, 0.0, 0.0, 0.0, 0.0, 0.0, 0.0, 0.0, 0.0, 0.0, 0.0, 0.0, 0.0, 0.0, 0.0, 0.0, 0.0, 0.0, 0.0, 0.0, 0.0, 0.9999999999999999, 0.0, 0.0, 0.0, 0.0]"
NODE_0000133,"[4.293811126886049e-10, 8.156645950255129e-10, 2.938119219835167e-10, 8.477516761834813e-10, 6.886016434327384e-10, 8.282739465587754e-10, 8.161436602551797e-10, 8.301022081508286e-10, 8.405795707488798e-10, 8.234788190269378e-10, 8.168021897902064e-10, 8.285459641100192e-10, 7.921277725837627e-10, 7.954180300646927e-10, 4.684295368612391e-07, 4.895561926231303e-10, 7.858004856605557e-10, 8.28545964109696e-10, 8.285459641095098e-10, 7.51743047740663e-10, 1.7880759148697424e-10, 3.018542063622991e-09, 3.7830098897805505e-10, 8.383540550491368e-10, 2.2305797795866643e-09, 7.671782661725001e-10, 0.9999995074367819, 7.76899692371021e-10, 8.088959659736927e-10, 1.6674479489744288e-10, 8.385033152632578e-10]"
hMpxV/South_Korea/KDCA-P15/2023|EPI_ISL_18542109|2023-07-05,"[0.0, 0.0, 0.0, 0.0, 0.0, 0.0, 0.0, 0.0, 0.0, 0.0, 0.0, 0.0, 0.0, 0.0, 0.0, 0.0, 0.0, 0.0, 0.0, 0.0, 0.0, 0.0, 0.0, 0.0, 0.0, 0.0, 1.0, 0.0, 0.0, 0.0, 0.0]"
NODE_0000134,"[7.383881572279106e-11, 1.3790891109040271e-10, 5.133454951263524e-11, 1.4329545244695058e-10, 1.168621969133384e-10, 1.4003392355286904e-10, 1.3792387393588906e-10, 1.4029938364522534e-10, 1.4202605497642057e-10, 1.3921739121540935e-10, 1.3628955680652713e-10, 1.3999885966357972e-10, 1.3412594996463183e-10, 1.346835333684937e-10, 4.6869021611912137e-08, 8.373943134633937e-11, 1.3327857131222518e-10, 1.3999885966348276e-10, 1.3999885966343657e-10, 1.275269769038907e-10, 3.057904196307872e-11, 4.829116323762578e-10, 6.389481200279874e-11, 1.416054876358086e-10, 3.629154414083805e-10, 1.298034018959399e-10, 0.9999999490923134, 1.3124008100840223e-10, 1.3216653774724015e-10, 2.949374059267046e-11, 1.4167377498278167e-10]"
hMpxV/South_Korea/KDCA-P14/2023|EPI_ISL_18542105|2023-07-05,"[0.0, 0.0, 0.0, 0.0, 0.0, 0.0, 0.0, 0.0, 0.0, 0.0, 0.0, 0.0, 0.0, 0.0, 0.0, 0.0, 0.0, 0.0, 0.0, 0.0, 0.0, 0.0, 0.0, 0.0, 0.0, 0.0, 1.0, 0.0, 0.0, 0.0, 0.0]"
NODE_0000135,"[4.267040739678118e-14, 9.91189624025032e-14, 2.76283919551462e-14, 1.0314464842400297e-13, 8.184983374860214e-14, 1.0078135110168812e-13, 9.952367102006124e-14, 1.0120524643922386e-13, 1.0234636496014039e-13, 1.0013939987394107e-13, 9.883910197737666e-14, 1.0108169344161262e-13, 9.38729543109106e-14, 9.578466876823462e-14, 2.4455169646972004e-10, 5.491907938805667e-14, 9.35021932826774e-14, 1.0108169344151682e-13, 1.0108169344146782e-13, 8.905644547225792e-14, 1.9339998037138407e-14, 5.075550852966711e-13, 4.050182099673741e-14, 1.0210768813409019e-13, 3.530557339707253e-13, 9.29358141471165e-14, 0.9999999997523427, 9.462264054948992e-14, 9.341973362953849e-14, 1.2409619662296092e-14, 1.0202473176863238e-13]"
hMpxV/South_Korea/KDCA-P17/2023|EPI_ISL_18542114|2023-07-12,"[0.0, 0.0, 0.0, 0.0, 0.0, 0.0, 0.0, 0.0, 0.0, 0.0, 0.0, 0.0, 0.0, 0.0, 0.0, 0.0, 0.0, 0.0, 0.0, 0.0, 0.0, 0.0, 0.0, 0.0, 0.0, 0.0, 0.9999999999999999, 0.0, 0.0, 0.0, 0.0]"
hMpxV/South_Korea/KDCA-P08/2023|EPI_ISL_18542108|2023-07-05,"[0.0, 0.0, 0.0, 0.0, 0.0, 0.0, 0.0, 0.0, 0.0, 0.0, 0.0, 0.0, 0.0, 0.0, 0.0, 0.0, 0.0, 0.0, 0.0, 0.0, 0.0, 0.0, 0.0, 0.0, 0.0, 0.0, 1.0, 0.0, 0.0, 0.0, 0.0]"
NODE_0000136,"[5.57191182979674e-10, 9.777627746978468e-10, 3.878543911577631e-10, 1.015885022465484e-09, 8.321795062329612e-10, 9.922905750892477e-10, 9.769747101820834e-10, 9.937451283414851e-10, 1.007140298985462e-09, 9.868693231162803e-10, 9.838273510423395e-10, 9.9171352893244e-10, 9.600060783093152e-10, 9.568235629652902e-10, 2.3752391194524162e-07, 6.049038542581911e-10, 9.49639280752776e-10, 9.917135289311607e-10, 9.917135289306144e-10, 9.103157516406652e-10, 2.2368379268021077e-10, 3.160606701686561e-09, 4.8009656867414e-10, 1.004488439849816e-09, 2.392526962471109e-09, 9.205534111953787e-10, 0.999999734051718, 9.307030564410002e-10, 9.976732654830262e-10, 2.4051132135729106e-10, 1.0049773127705802e-09]"
hMpxV/South_Korea/KDCA-P13/2023|EPI_ISL_18542112|2023-07-05,"[0.0, 0.0, 0.0, 0.0, 0.0, 0.0, 0.0, 0.0, 0.0, 0.0, 0.0, 0.0, 0.0, 0.0, 0.0, 0.0, 0.0, 0.0, 0.0, 0.0, 0.0, 0.0, 0.0, 0.0, 0.0, 0.0, 1.0, 0.0, 0.0, 0.0, 0.0]"
hMpxV/South_Korea/KDCA-P18/2023|EPI_ISL_18541180|2023-09-15,"[0.0, 0.0, 0.0, 0.0, 0.0, 0.0, 0.0, 0.0, 0.0, 0.0, 0.0, 0.0, 0.0, 0.0, 0.0, 0.0, 0.0, 0.0, 0.0, 0.0, 0.0, 0.0, 0.0, 0.0, 0.0, 0.0, 1.0, 0.0, 0.0, 0.0, 0.0]"
NODE_0000126,"[8.095214557335544e-10, 1.4322382088023187e-09, 5.625493727921679e-10, 1.4881004454622433e-09, 1.2179864063362899e-09, 1.4536133733884242e-09, 1.4312915579345011e-09, 1.4558412265385787e-09, 1.475317453795866e-09, 1.4456105839994067e-09, 1.4401822566944699e-09, 1.4528967384498542e-09, 1.4045595530288265e-09, 1.401047604966472e-09, 4.2373471787731835e-07, 8.833236583176646e-10, 1.3898659208236e-09, 1.452896738448691e-09, 1.4528967384480007e-09, 1.332032691222338e-09, 3.2624015561826464e-10, 4.696256512867268e-09, 6.991261582522918e-10, 1.4714392805777525e-09, 3.546207228795466e-09, 1.3483103646597373e-09, 0.9999995345580682, 1.3633817699495276e-09, 1.4566155558198944e-09, 3.457627099010534e-10, 1.4721021977468876e-09]"
NODE_0000131,"[3.61020463861454e-08, 5.920768354121454e-08, 2.51577777891299e-08, 6.151196794170713e-08, 5.0629525961566137e-08, 6.005203619152754e-08, 5.910157049455716e-08, 6.011227627436002e-08, 6.09995791280912e-08, 5.974799332016529e-08, 6.076769153953273e-08, 5.999603191797484e-08, 5.873417835488737e-08, 5.806564848555607e-08, 1.0342914932697765e-05, 3.737488196028052e-08, 5.781336956233342e-08, 5.999603191790678e-08, 5.999603191785316e-08, 5.552920924677838e-08, 1.4010754007567273e-08, 1.7564647047271783e-07, 3.0970169418005634e-08, 6.086106703092079e-08, 1.3396412039289574e-07, 5.5759744790141254e-08, 0.9999879460363952, 5.6373311434429594e-08, 6.472374116230196e-08, 1.6953086348651073e-08, 6.089067508505628e-08]"
hMpxV/South_Korea/KDCA-P04/2023|EPI_ISL_18542110|2023-09-15,"[0.0, 0.0, 0.0, 0.0, 0.0, 0.0, 0.0, 0.0, 0.0, 0.0, 0.0, 0.0, 0.0, 0.0, 0.0, 0.0, 0.0, 0.0, 0.0, 0.0, 0.0, 0.0, 0.0, 0.0, 0.0, 0.0, 1.0, 0.0, 0.0, 0.0, 0.0]"
hMpxV/South_Korea/KDCA-P03/2023|EPI_ISL_18541890|2023-06-23,"[0.0, 0.0, 0.0, 0.0, 0.0, 0.0, 0.0, 0.0, 0.0, 0.0, 0.0, 0.0, 0.0, 0.0, 0.0, 0.0, 0.0, 0.0, 0.0, 0.0, 0.0, 0.0, 0.0, 0.0, 0.0, 0.0, 1.0, 0.0, 0.0, 0.0, 0.0]"
NODE_0000127,"[3.36325518395877e-10, 5.979429342318944e-10, 2.334266359015995e-10, 6.212862487150958e-10, 5.081986202522286e-10, 6.068862024052001e-10, 5.976020645591832e-10, 6.078485140742573e-10, 6.159638021904413e-10, 6.0353702821659e-10, 6.012873978918702e-10, 6.066309151058094e-10, 5.86022031560443e-10, 5.847814874215915e-10, 1.804653145125212e-07, 3.680256378418227e-10, 5.799355498057736e-10, 6.066309151049988e-10, 6.066309151044524e-10, 5.557436416251634e-10, 1.3580263863961177e-10, 1.9798328286904157e-09, 2.909948498980942e-10, 6.143518952357421e-10, 1.4917474608952148e-09, 5.628553770510691e-10, 0.9999998021001759, 5.692344653029806e-10, 6.075881411046874e-10, 1.4278454223588122e-10, 6.14611408953315e-10]"
hMpxV/South_Korea/KDCA-P05/2023|EPI_ISL_18542117|2023-06-23,"[0.0, 0.0, 0.0, 0.0, 0.0, 0.0, 0.0, 0.0, 0.0, 0.0, 0.0, 0.0, 0.0, 0.0, 0.0, 0.0, 0.0, 0.0, 0.0, 0.0, 0.0, 0.0, 0.0, 0.0, 0.0, 0.0, 1.0, 0.0, 0.0, 0.0, 0.0]"
NODE_0000128,"[5.70384092313238e-16, 1.460575782757341e-15, 2.6211697952798375e-16, 1.5254335379474243e-15, 1.14607901292366e-15, 1.4866521813258484e-15, 1.4767332301885784e-15, 1.5639713181245359e-15, 2.0029238143941362e-15, 1.4982519846049932e-15, 1.607465676563985e-15, 1.5025441559095395e-15, 1.3401696675646364e-15, 1.4464518167050271e-15, 7.18562618347494e-11, 6.85292380613998e-16, 1.6809790551847115e-15, 1.5025441559067907e-15, 1.5025441559048266e-15, 1.2627362809086366e-15, 2.3309043501424015e-16, 1.174771605006646e-14, 1.9388769317546746e-15, 1.917770969121454e-15, 1.1279343028686436e-13, 1.357618987258061e-15, 0.9999999999279828, 1.409505571778189e-15, 1.6382087208079398e-15, 9.043977289586082e-17, 1.9707959815266686e-15]"
hMpxV/South_Korea/KDCA-P022/2023|EPI_ISL_18147353|2023-04-21,"[0.0, 0.0, 0.0, 0.0, 0.0, 0.0, 0.0, 0.0, 0.0, 0.0, 0.0, 0.0, 0.0, 0.0, 0.0, 0.0, 0.0, 0.0, 0.0, 0.0, 0.0, 0.0, 0.0, 0.0, 0.0, 0.0, 1.0, 0.0, 0.0, 0.0, 0.0]"
hMpxV/South_Korea/KDCA-P06/2023|EPI_ISL_18542111|2023-07-05,"[0.0, 0.0, 0.0, 0.0, 0.0, 0.0, 0.0, 0.0, 0.0, 0.0, 0.0, 0.0, 0.0, 0.0, 0.0, 0.0, 0.0, 0.0, 0.0, 0.0, 0.0, 0.0, 0.0, 0.0, 0.0, 0.0, 1.0, 0.0, 0.0, 0.0, 0.0]"
hMpxV/South_Korea/KDCA-P01/2023|EPI_ISL_18542106|2023-05-03,"[0.0, 0.0, 0.0, 0.0, 0.0, 0.0, 0.0, 0.0, 0.0, 0.0, 0.0, 0.0, 0.0, 0.0, 0.0, 0.0, 0.0, 0.0, 0.0, 0.0, 0.0, 0.0, 0.0, 0.0, 0.0, 0.0, 1.0, 0.0, 0.0, 0.0, 0.0]"
hMpxV/South_Korea/KDCA-P07/2023|EPI_ISL_18540666|2023-07-05,"[0.0, 0.0, 0.0, 0.0, 0.0, 0.0, 0.0, 0.0, 0.0, 0.0, 0.0, 0.0, 0.0, 0.0, 0.0, 0.0, 0.0, 0.0, 0.0, 0.0, 0.0, 0.0, 0.0, 0.0, 0.0, 0.0, 1.0, 0.0, 0.0, 0.0, 0.0]"
hMpxV/China/SZ-CDC/Strain162,"[0.0, 0.0, 0.0, 0.0, 0.0, 0.0, 0.0, 0.0, 0.0, 0.0, 0.0, 0.0, 0.0, 0.0, 0.0, 0.0, 0.0, 0.0, 0.0, 0.0, 0.0, 0.0, 0.0, 0.0, 1.0, 0.0, 0.0, 0.0, 0.0, 0.0, 0.0]"
NODE_0000130,"[2.7848596761978135e-10, 4.709686587739682e-10, 1.950089595741013e-10, 4.893788495643895e-10, 4.021432119336615e-10, 4.778158614528776e-10, 4.702990878989823e-10, 4.784147622090915e-10, 4.851339322713802e-10, 4.75323348724447e-10, 4.765916839453667e-10, 4.77391104035924e-10, 4.650187094913249e-10, 4.6161565683386266e-10, 8.995183555795148e-08, 2.951612411688257e-10, 4.5905637476895666e-10, 4.773911040348505e-10, 4.773911040339936e-10, 4.4047526304529587e-10, 1.0976166367352243e-10, 1.438944186025987e-09, 2.3770784979537473e-10, 4.838475324093165e-10, 1.0976532878869808e-09, 4.435451380027155e-10, 0.9999998964338662, 4.482451336449383e-10, 4.912458602808536e-10, 1.261242292553405e-10, 4.84158449641158e-10]"
hMpxV/South_Korea/KDCA-P24/2023|EPI_ISL_18542115|2023-08-28,"[0.0, 0.0, 0.0, 0.0, 0.0, 0.0, 0.0, 0.0, 0.0, 0.0, 0.0, 0.0, 0.0, 0.0, 0.0, 0.0, 0.0, 0.0, 0.0, 0.0, 0.0, 0.0, 0.0, 0.0, 0.0, 0.0, 1.0, 0.0, 0.0, 0.0, 0.0]"
hMpxV/South_Korea/KDCA-P23/2023|EPI_ISL_18542118|2023-08-28,"[0.0, 0.0, 0.0, 0.0, 0.0, 0.0, 0.0, 0.0, 0.0, 0.0, 0.0, 0.0, 0.0, 0.0, 0.0, 0.0, 0.0, 0.0, 0.0, 0.0, 0.0, 0.0, 0.0, 0.0, 0.0, 0.0, 1.0, 0.0, 0.0, 0.0, 0.0]"
NODE_0000005,"[1.4183913348170403e-17, 4.476962327500888e-18, 7.975278465912861e-19, 4.837395699748965e-18, 3.705594483051572e-18, 4.514275991666108e-18, 4.5454313120897476e-18, 4.702566104060304e-18, 4.832912212620366e-18, 4.55974472410876e-18, 1.8410423503265162e-16, 4.580723478415e-18, 5.200750380498223e-18, 4.4016844051002104e-18, 0.9999999992324117, 2.349519706822522e-18, 4.17040492043677e-18, 4.5807234784085526e-18, 4.580723478407282e-18, 3.823365595282986e-18, 7.552533641199303e-18, 7.736657864520676e-17, 2.0335682882255927e-17, 4.634766524712335e-18, 5.274187498015613e-17, 4.247400667420975e-18, 7.675808826028048e-10, 4.467723570219211e-18, 7.140624361300112e-15, 1.9780512941196783e-18, 4.745148370578897e-18]"
hMpxV/Japan/TMIPH-220323/2023|EPI_ISL_17445514|2023-01-30,"[0.0, 0.0, 0.0, 0.0, 0.0, 0.0, 0.0, 0.0, 0.0, 0.0, 0.0, 0.0, 0.0, 0.0, 1.0, 0.0, 0.0, 0.0, 0.0, 0.0, 0.0, 0.0, 0.0, 0.0, 0.0, 0.0, 0.0, 0.0, 0.0, 0.0, 0.0]"
hMpxV/South_Korea/KDCA-P005/2023|EPI_ISL_18147355|2023-03-13,"[0.0, 0.0, 0.0, 0.0, 0.0, 0.0, 0.0, 0.0, 0.0, 0.0, 0.0, 0.0, 0.0, 0.0, 0.0, 0.0, 0.0, 0.0, 0.0, 0.0, 0.0, 0.0, 0.0, 0.0, 0.0, 0.0, 1.0, 0.0, 0.0, 0.0, 0.0]"
hMpxV/Japan/TMIPH-0085/2023|EPI_ISL_18075507|2023-05-01,"[0.0, 0.0, 0.0, 0.0, 0.0, 0.0, 0.0, 0.0, 0.0, 0.0, 0.0, 0.0, 0.0, 0.0, 1.0, 0.0, 0.0, 0.0, 0.0, 0.0, 0.0, 0.0, 0.0, 0.0, 0.0, 0.0, 0.0, 0.0, 0.0, 0.0, 0.0]"
hMpxV/Japan/TMIPH-0223/2023|EPI_ISL_18075508|2023-07-07,"[0.0, 0.0, 0.0, 0.0, 0.0, 0.0, 0.0, 0.0, 0.0, 0.0, 0.0, 0.0, 0.0, 0.0, 1.0, 0.0, 0.0, 0.0, 0.0, 0.0, 0.0, 0.0, 0.0, 0.0, 0.0, 0.0, 0.0, 0.0, 0.0, 0.0, 0.0]"
hMpxV/Japan/TMIPH-0204/2023|EPI_ISL_18055899|2023-06-26,"[0.0, 0.0, 0.0, 0.0, 0.0, 0.0, 0.0, 0.0, 0.0, 0.0, 0.0, 0.0, 0.0, 0.0, 1.0, 0.0, 0.0, 0.0, 0.0, 0.0, 0.0, 0.0, 0.0, 0.0, 0.0, 0.0, 0.0, 0.0, 0.0, 0.0, 0.0]"
NODE_0000112,"[3.55560279187234e-09, 1.7969132178436915e-09, 8.23731146681684e-10, 1.8824662403831916e-09, 1.5862299651208848e-09, 1.8147056889733608e-09, 1.7963983258664628e-09, 1.8238726842913104e-09, 1.8496657774709349e-09, 1.8097359415315138e-09, 8.729693975327958e-09, 1.815214048429112e-09, 1.9953514148269566e-09, 1.7702774830583096e-09, 0.9999982635981888, 1.2239670899896606e-09, 1.7599875904294863e-09, 1.815214048426717e-09, 1.8152140484261913e-09, 1.6897879293886162e-09, 1.4391587484831756e-09, 6.304397012738255e-09, 2.4226516803279363e-09, 1.8368004935890569e-09, 5.0365908420985335e-09, 1.7132866153142001e-09, 1.612179415875181e-06, 1.736788308743826e-09, 5.8911389512052274e-08, 1.6241068281770193e-09, 1.8431959002766497e-09]"
hMpxV/Japan/TMIPH-0267/2023|EPI_ISL_18557816|2023-09-22,"[0.0, 0.0, 0.0, 0.0, 0.0, 0.0, 0.0, 0.0, 0.0, 0.0, 0.0, 0.0, 0.0, 0.0, 1.0, 0.0, 0.0, 0.0, 0.0, 0.0, 0.0, 0.0, 0.0, 0.0, 0.0, 0.0, 0.0, 0.0, 0.0, 0.0, 0.0]"
hMpxV/Japan/TMIPH-0304/2023|EPI_ISL_18557818|2023-10-25,"[0.0, 0.0, 0.0, 0.0, 0.0, 0.0, 0.0, 0.0, 0.0, 0.0, 0.0, 0.0, 0.0, 0.0, 1.0, 0.0, 0.0, 0.0, 0.0, 0.0, 0.0, 0.0, 0.0, 0.0, 0.0, 0.0, 0.0, 0.0, 0.0, 0.0, 0.0]"
hMpxV/Japan/TMIPH-0336/2023|EPI_ISL_18739594|2023-11-29,"[0.0, 0.0, 0.0, 0.0, 0.0, 0.0, 0.0, 0.0, 0.0, 0.0, 0.0, 0.0, 0.0, 0.0, 1.0, 0.0, 0.0, 0.0, 0.0, 0.0, 0.0, 0.0, 0.0, 0.0, 0.0, 0.0, 0.0, 0.0, 0.0, 0.0, 0.0]"
NODE_0000107,"[5.1883607431407986e-12, 1.966374489541296e-12, 6.862255612440438e-13, 2.05741952617817e-12, 1.7119561014870315e-12, 1.98545630034724e-12, 1.9757657923508268e-12, 2.0017695491247226e-12, 2.025108996437564e-12, 1.9800676531048902e-12, 1.9023379740996466e-11, 1.9940559883562695e-12, 2.2189116641044437e-12, 1.9170447762486348e-12, 0.9999999756540714, 1.2557415156036668e-12, 1.8753822511595417e-12, 1.9940559883536078e-12, 1.994055988353035e-12, 1.796619523904611e-12, 2.4238692540414007e-12, 1.1136452933334767e-11, 3.6000999122819603e-12, 2.0115847186519014e-12, 8.354131705624028e-12, 1.8780494499458683e-12, 2.3985440177861792e-08, 1.9186849268934016e-12, 2.698054602488289e-10, 1.6960972187219393e-12, 2.0162230585139663e-12]"
hMpxV/Japan/TMIPH-0029/2023|EPI_ISL_17665624|2023-04-17,"[0.0, 0.0, 0.0, 0.0, 0.0, 0.0, 0.0, 0.0, 0.0, 0.0, 0.0, 0.0, 0.0, 0.0, 0.9999999999999999, 0.0, 0.0, 0.0, 0.0, 0.0, 0.0, 0.0, 0.0, 0.0, 0.0, 0.0, 0.0, 0.0, 0.0, 0.0, 0.0]"
hMpxV/Japan/TMIPH-0176/2023|EPI_ISL_17837268|2023-06-09,"[0.0, 0.0, 0.0, 0.0, 0.0, 0.0, 0.0, 0.0, 0.0, 0.0, 0.0, 0.0, 0.0, 0.0, 1.0, 0.0, 0.0, 0.0, 0.0, 0.0, 0.0, 0.0, 0.0, 0.0, 0.0, 0.0, 0.0, 0.0, 0.0, 0.0, 0.0]"
hMpxV/Japan/TMIPH-0171/2023|EPI_ISL_18352302|2023-06-06,"[0.0, 0.0, 0.0, 0.0, 0.0, 0.0, 0.0, 0.0, 0.0, 0.0, 0.0, 0.0, 0.0, 0.0, 1.0, 0.0, 0.0, 0.0, 0.0, 0.0, 0.0, 0.0, 0.0, 0.0, 0.0, 0.0, 0.0, 0.0, 0.0, 0.0, 0.0]"
hMpxV/Japan/TMIPH-0117/2023|EPI_ISL_17817239|2023-05-15,"[0.0, 0.0, 0.0, 0.0, 0.0, 0.0, 0.0, 0.0, 0.0, 0.0, 0.0, 0.0, 0.0, 0.0, 1.0, 0.0, 0.0, 0.0, 0.0, 0.0, 0.0, 0.0, 0.0, 0.0, 0.0, 0.0, 0.0, 0.0, 0.0, 0.0, 0.0]"
NODE_0000108,"[6.106642538411243e-11, 2.625500685747984e-11, 1.0575524449910028e-11, 2.7254072819498203e-11, 2.3036377871064406e-11, 2.6528315645997648e-11, 2.632201480904016e-11, 2.666482577505814e-11, 2.694421400689346e-11, 2.6438532310240652e-11, 1.8002898520753483e-10, 2.6585147580189308e-11, 2.9195142803833724e-11, 2.5702654325034e-11, 0.9999999316814039, 1.735698723982791e-11, 2.5318434966922738e-11, 2.65851475801535e-11, 2.658514758014576e-11, 2.436671499944663e-11, 2.7768644806618377e-11, 1.156981279468308e-10, 4.2273336392842703e-11, 2.68129993987605e-11, 9.040120151698426e-11, 2.509111713084336e-11, 6.559614596792621e-08, 2.54725541326163e-11, 1.6552266130822097e-09, 2.403996305525161e-11, 2.6855807898731653e-11]"
hMpxV/Japan/TMIPH-0055/2023|EPI_ISL_17665627|2023-04-21,"[0.0, 0.0, 0.0, 0.0, 0.0, 0.0, 0.0, 0.0, 0.0, 0.0, 0.0, 0.0, 0.0, 0.0, 0.9999999999999999, 0.0, 0.0, 0.0, 0.0, 0.0, 0.0, 0.0, 0.0, 0.0, 0.0, 0.0, 0.0, 0.0, 0.0, 0.0, 0.0]"
hMpxV/Japan/TMIPH-0017/2023|EPI_ISL_17592667|2023-04-06,"[0.0, 0.0, 0.0, 0.0, 0.0, 0.0, 0.0, 0.0, 0.0, 0.0, 0.0, 0.0, 0.0, 0.0, 0.9999999999999999, 0.0, 0.0, 0.0, 0.0, 0.0, 0.0, 0.0, 0.0, 0.0, 0.0, 0.0, 0.0, 0.0, 0.0, 0.0, 0.0]"
NODE_0000109,"[2.615886562116778e-22, 4.580287996454739e-23, 7.74953020999781e-24, 4.7287357565053617e-23, 3.8348326473468805e-23, 4.627181706971964e-23, 4.667093008694552e-23, 4.695666776763974e-23, 4.7057593818542786e-23, 4.612190708389881e-23, 2.671901745643328e-21, 4.6982602823298995e-23, 5.357191241123073e-23, 4.336229491277399e-23, 0.9999999999999996, 2.4575799288338315e-23, 4.0566730201133455e-23, 4.698260282322203e-23, 4.698260282320722e-23, 3.8841157389491386e-23, 1.8704634870322732e-22, 9.010715111613252e-22, 1.9336079338955157e-22, 4.6927840528209507e-23, 5.757283362172973e-22, 4.402417614339695e-23, 4.214706624339489e-16, 4.5807499720992547e-23, 2.4324168864259405e-19, 3.594262858932343e-23, 4.6792438232871755e-23]"
hMpxV/Japan/TMIPH-0206/2023|EPI_ISL_18055900|2023-06-26,"[0.0, 0.0, 0.0, 0.0, 0.0, 0.0, 0.0, 0.0, 0.0, 0.0, 0.0, 0.0, 0.0, 0.0, 1.0, 0.0, 0.0, 0.0, 0.0, 0.0, 0.0, 0.0, 0.0, 0.0, 0.0, 0.0, 0.0, 0.0, 0.0, 0.0, 0.0]"
hMpxV/Japan/Osaka-OMU001-A3/2023|EPI_ISL_19022858|2023-05-08,"[0.0, 0.0, 0.0, 0.0, 0.0, 0.0, 0.0, 0.0, 0.0, 0.0, 0.0, 0.0, 0.0, 0.0, 1.0, 0.0, 0.0, 0.0, 0.0, 0.0, 0.0, 0.0, 0.0, 0.0, 0.0, 0.0, 0.0, 0.0, 0.0, 0.0, 0.0]"
hMpxV/Japan/Osaka-OMU001-C5/2023|EPI_ISL_19022860|2023-05-08,"[0.0, 0.0, 0.0, 0.0, 0.0, 0.0, 0.0, 0.0, 0.0, 0.0, 0.0, 0.0, 0.0, 0.0, 1.0, 0.0, 0.0, 0.0, 0.0, 0.0, 0.0, 0.0, 0.0, 0.0, 0.0, 0.0, 0.0, 0.0, 0.0, 0.0, 0.0]"
hMpxV/Japan/TMIPH-0138/2023|EPI_ISL_17817240|2023-05-19,"[0.0, 0.0, 0.0, 0.0, 0.0, 0.0, 0.0, 0.0, 0.0, 0.0, 0.0, 0.0, 0.0, 0.0, 0.9999999999999999, 0.0, 0.0, 0.0, 0.0, 0.0, 0.0, 0.0, 0.0, 0.0, 0.0, 0.0, 0.0, 0.0, 0.0, 0.0, 0.0]"
hMpxV/Japan/Osaka-OMU001-A4/2023|EPI_ISL_19022859|2023-05-08,"[0.0, 0.0, 0.0, 0.0, 0.0, 0.0, 0.0, 0.0, 0.0, 0.0, 0.0, 0.0, 0.0, 0.0, 1.0, 0.0, 0.0, 0.0, 0.0, 0.0, 0.0, 0.0, 0.0, 0.0, 0.0, 0.0, 0.0, 0.0, 0.0, 0.0, 0.0]"
hMpxV/Japan/TMIPH-0087/2023|EPI_ISL_18097375|2023-05-02,"[0.0, 0.0, 0.0, 0.0, 0.0, 0.0, 0.0, 0.0, 0.0, 0.0, 0.0, 0.0, 0.0, 0.0, 1.0, 0.0, 0.0, 0.0, 0.0, 0.0, 0.0, 0.0, 0.0, 0.0, 0.0, 0.0, 0.0, 0.0, 0.0, 0.0, 0.0]"
hMpxV/Japan/Osaka-OMU001-D3/2023|EPI_ISL_19022862|2023-05-08,"[0.0, 0.0, 0.0, 0.0, 0.0, 0.0, 0.0, 0.0, 0.0, 0.0, 0.0, 0.0, 0.0, 0.0, 1.0, 0.0, 0.0, 0.0, 0.0, 0.0, 0.0, 0.0, 0.0, 0.0, 0.0, 0.0, 0.0, 0.0, 0.0, 0.0, 0.0]"
NODE_0000006,"[1.2300300659904636e-05, 9.46094407327126e-06, 1.0706517904948106e-05, 9.824814183668415e-06, 8.380949529035658e-06, 9.565464341908557e-06, 9.444334641984558e-06, 1.4558407504836431e-05, 1.7397687941716684e-05, 1.2078968330807859e-05, 0.0007520258519208567, 9.551287423938439e-06, 1.004443146850347e-05, 1.6792633933207395e-05, 0.9976093193040044, 6.521877801787504e-06, 1.70888870482547e-05, 9.551287423936421e-06, 9.551287423936284e-06, 1.0745562322180664e-05, 6.5747773217177075e-06, 1.9774139540118478e-05, 0.0007894208945633019, 9.812593888480669e-06, 9.508183923603213e-05, 9.004862211035198e-06, 0.0004033355515234179, 9.096424344782847e-06, 6.719672566715089e-05, 1.0957243876269086e-05, 1.4834147944675032e-05]"
hMpxV/Japan/TMIPH-0076/2023|EPI_ISL_17692269|2023-04-28,"[0.0, 0.0, 0.0, 0.0, 0.0, 0.0, 0.0, 0.0, 0.0, 0.0, 0.0, 0.0, 0.0, 0.0, 1.0, 0.0, 0.0, 0.0, 0.0, 0.0, 0.0, 0.0, 0.0, 0.0, 0.0, 0.0, 0.0, 0.0, 0.0, 0.0, 0.0]"
NODE_0000007,"[0.000605943793546547, 0.0006656884408688145, 0.000997893963803742, 0.000691032005247113, 0.0005814975406546878, 0.0006741391668332967, 0.0006644555009481852, 0.0012800119067956106, 0.0016170387408197752, 0.0009809550517405582, 0.3006387352026534, 0.0006729709245048965, 0.0006820382908152611, 0.001561684949775552, 0.199866374521021, 0.0004434879852988404, 0.0015995895346640663, 0.0006729709245048767, 0.0006729709245048572, 0.0008427373847818108, 0.00037808700055202825, 0.0010045940779094525, 0.4535149530523775, 0.0006932338031460011, 0.018291202122219533, 0.0006311532712537272, 0.0046299764398675565, 0.0006364404920757432, 0.001836403137819548, 0.0006673955615097904, 0.001304344287486347]"
NODE_0000104,"[3.75359186208836e-05, 3.948361373837634e-05, 4.9219918405278406e-05, 4.121011434882795e-05, 3.448212066421162e-05, 3.997374199248425e-05, 3.940568063930337e-05, 6.829392865576671e-05, 8.459883739703231e-05, 5.424575667719989e-05, 0.9192969347903263, 3.990356980761299e-05, 4.080964723512746e-05, 8.107329463053202e-05, 0.07095291364538893, 2.6159772962669397e-05, 8.306767171906951e-05, 3.99035698076002e-05, 3.9903569807623835e-05, 4.714539612324618e-05, 2.0637588844226105e-05, 6.424390579561857e-05, 0.007228144786649969, 4.13256593099014e-05, 0.0005556176401165549, 3.7376522662952234e-05, 0.0006265973926661463, 3.778926604065321e-05, 0.00014771220273789444, 3.4341531301011916e-05, 6.994894492719423e-05]"
hMpxV/China/HZCDC-0001/2023|EPI_ISL_17809521|2023-06-15,"[0.0, 0.0, 0.0, 0.0, 0.0, 0.0, 0.0, 0.0, 0.0, 0.0, 1.0, 0.0, 0.0, 0.0, 0.0, 0.0, 0.0, 0.0, 0.0, 0.0, 0.0, 0.0, 0.0, 0.0, 0.0, 0.0, 0.0, 0.0, 0.0, 0.0, 0.0]"
NODE_0000105,"[2.6710710820248186e-05, 1.8028201775638943e-05, 7.440894565622656e-06, 1.884049115554226e-05, 1.5441678681735516e-05, 1.826201611637859e-05, 1.8029938909849438e-05, 1.916282138259815e-05, 2.792076141584979e-05, 1.8361549916367315e-05, 0.0013805456088929005, 1.827746891870821e-05, 1.875458872086028e-05, 1.81891139363551e-05, 0.9934999886166488, 1.1317031743767959e-05, 2.5179711660533052e-05, 1.827746891870504e-05, 1.8277468918703537e-05, 1.6872376563350655e-05, 7.376626945408868e-06, 3.5436086942624816e-05, 0.00014137260248268306, 2.6553245632437938e-05, 0.003586591304389277, 1.7027331984207284e-05, 0.0008094119021542853, 1.725897292945191e-05, 0.00010805512244986422, 9.54050145410686e-06, 2.749778297331459e-05]"
hMpxV/China/SZ-CDC/Strain180,"[0.0, 0.0, 0.0, 0.0, 0.0, 0.0, 0.0, 0.0, 0.0, 0.0, 0.0, 0.0, 0.0, 0.0, 0.0, 0.0, 0.0, 0.0, 0.0, 0.0, 0.0, 0.0, 0.0, 0.0, 1.0, 0.0, 0.0, 0.0, 0.0, 0.0, 0.0]"
hMpxV/Japan/TMIPH-0353/2024|EPI_ISL_19001887|2024-01-25,"[0.0, 0.0, 0.0, 0.0, 0.0, 0.0, 0.0, 0.0, 0.0, 0.0, 0.0, 0.0, 0.0, 0.0, 1.0, 0.0, 0.0, 0.0, 0.0, 0.0, 0.0, 0.0, 0.0, 0.0, 0.0, 0.0, 0.0, 0.0, 0.0, 0.0, 0.0]"
NODE_0000106,"[8.77571242148593e-09, 4.758528570298774e-09, 1.674716536936679e-09, 4.960919590848604e-09, 4.0464247423312475e-09, 4.819401017503668e-09, 4.775271324587884e-09, 5.0605646462182386e-09, 7.247125638710745e-09, 4.846237614857396e-09, 5.383040827152669e-07, 4.836435503815129e-09, 5.020230963005921e-09, 4.7701436984162975e-09, 0.9999965813481287, 2.881489063149548e-09, 6.4333064344242475e-09, 4.836435503808511e-09, 4.836435503806983e-09, 4.376102809008746e-09, 2.7395614307572114e-09, 1.329318291513253e-08, 4.3614129071030774e-08, 6.902213703363652e-09, 1.1283865865053823e-06, 4.5043350207302755e-09, 1.496363117542793e-06, 4.587548587293042e-09, 8.127175468764772e-08, 2.594310307419269e-09, 7.135567396077164e-09]"
hMpxV/Japan/TMIPH-0255/2024|EPI_ISL_18352303|2023-09-11,"[0.0, 0.0, 0.0, 0.0, 0.0, 0.0, 0.0, 0.0, 0.0, 0.0, 0.0, 0.0, 0.0, 0.0, 1.0, 0.0, 0.0, 0.0, 0.0, 0.0, 0.0, 0.0, 0.0, 0.0, 0.0, 0.0, 0.0, 0.0, 0.0, 0.0, 0.0]"
hMpxV/Japan/TMIPH-0264/2023|EPI_ISL_18352306|2023-09-19,"[0.0, 0.0, 0.0, 0.0, 0.0, 0.0, 0.0, 0.0, 0.0, 0.0, 0.0, 0.0, 0.0, 0.0, 1.0, 0.0, 0.0, 0.0, 0.0, 0.0, 0.0, 0.0, 0.0, 0.0, 0.0, 0.0, 0.0, 0.0, 0.0, 0.0, 0.0]"
NODE_0000008,"[1.249503702282553e-23, 3.4255195738804974e-23, 7.0313284951498115e-22, 3.601516488676624e-23, 2.2286637313007432e-23, 3.514875495302166e-23, 3.6253450650884856e-23, 3.724063667778208e-16, 1.087036273024464e-13, 3.8474490316177883e-22, 3.109550339831095e-20, 3.6757791891795614e-23, 2.4205342817382053e-23, 8.954956707415595e-21, 2.0317662845406292e-20, 6.840192310303135e-24, 5.824831334112981e-20, 3.6757791891785317e-23, 3.675779189174798e-23, 1.3548842164200663e-22, 3.341819588430594e-23, 3.4598689403498423e-23, 0.9725490647312169, 3.3285005180736166e-22, 0.027450935268673423, 3.093771073554472e-23, 4.639429724441312e-22, 3.5552666852949293e-23, 5.1304459798354487e-23, 5.109402810014483e-24, 4.444278801471716e-16]"
hMpxV/China/SZ-CDC/Strain024,"[0.0, 0.0, 0.0, 0.0, 0.0, 0.0, 0.0, 0.0, 0.0, 0.0, 0.0, 0.0, 0.0, 0.0, 0.0, 0.0, 0.0, 0.0, 0.0, 0.0, 0.0, 0.0, 0.0, 0.0, 1.0, 0.0, 0.0, 0.0, 0.0, 0.0, 0.0]"
hMpxV/China/YN-CDC-0002/2023|EPI_ISL_18059183|2023-06-28,"[0.0, 0.0, 0.0, 0.0, 0.0, 0.0, 0.0, 0.0, 0.0, 0.0, 0.0, 0.0, 0.0, 0.0, 0.0, 0.0, 0.0, 0.0, 0.0, 0.0, 0.0, 0.0, 0.0, 0.0, 0.0, 0.0, 0.0, 0.0, 0.0, 0.0, 1.0]"
hMpxV/China/YN-CDC-0003/2023|EPI_ISL_18059184|2023-07-03,"[0.0, 0.0, 0.0, 0.0, 0.0, 0.0, 0.0, 0.0, 0.0, 0.0, 0.0, 0.0, 0.0, 0.0, 0.0, 0.0, 0.0, 0.0, 0.0, 0.0, 0.0, 0.0, 0.0, 0.0, 0.0, 0.0, 0.0, 0.0, 0.0, 0.0, 1.0]"
hMpxV/Portugal/INSA-PT0791/2023|EPI_ISL_18702242|2023-11-08,"[0.0, 0.0, 0.0, 0.0, 0.0, 0.0, 0.0, 0.0, 0.0, 0.0, 0.0, 0.0, 0.0, 0.0, 0.0, 0.0, 0.0, 0.0, 0.0, 0.0, 0.0, 0.0, 1.0, 0.0, 0.0, 0.0, 0.0, 0.0, 0.0, 0.0, 0.0]"
hMpxV/Portugal/INSA-PT0778/2023|EPI_ISL_18702243|2023-10-27,"[0.0, 0.0, 0.0, 0.0, 0.0, 0.0, 0.0, 0.0, 0.0, 0.0, 0.0, 0.0, 0.0, 0.0, 0.0, 0.0, 0.0, 0.0, 0.0, 0.0, 0.0, 0.0, 1.0, 0.0, 0.0, 0.0, 0.0, 0.0, 0.0, 0.0, 0.0]"
hMpxV/Portugal/INSA-PT0645/2023|EPI_ISL_18076380|2023-07-07,"[0.0, 0.0, 0.0, 0.0, 0.0, 0.0, 0.0, 0.0, 0.0, 0.0, 0.0, 0.0, 0.0, 0.0, 0.0, 0.0, 0.0, 0.0, 0.0, 0.0, 0.0, 0.0, 1.0, 0.0, 0.0, 0.0, 0.0, 0.0, 0.0, 0.0, 0.0]"
hMpxV/China/FS-GCDC_M108/2023|EPI_ISL_19058866|2023-06-22,"[0.0, 0.0, 0.0, 0.0, 0.0, 0.0, 0.0, 0.9999999999999999, 0.0, 0.0, 0.0, 0.0, 0.0, 0.0, 0.0, 0.0, 0.0, 0.0, 0.0, 0.0, 0.0, 0.0, 0.0, 0.0, 0.0, 0.0, 0.0, 0.0, 0.0, 0.0, 0.0]"
hMpxV/China/GZ-GCDC_M008/2023|EPI_ISL_19058868|2023-06-08,"[0.0, 0.0, 0.0, 0.0, 0.0, 0.0, 0.0, 0.0, 1.0, 0.0, 0.0, 0.0, 0.0, 0.0, 0.0, 0.0, 0.0, 0.0, 0.0, 0.0, 0.0, 0.0, 0.0, 0.0, 0.0, 0.0, 0.0, 0.0, 0.0, 0.0, 0.0]"
hMpxV/China/FS-GCDC_M028/2023|EPI_ISL_19058872|2023-06-13,"[0.0, 0.0, 0.0, 0.0, 0.0, 0.0, 0.0, 1.0, 0.0, 0.0, 0.0, 0.0, 0.0, 0.0, 0.0, 0.0, 0.0, 0.0, 0.0, 0.0, 0.0, 0.0, 0.0, 0.0, 0.0, 0.0, 0.0, 0.0, 0.0, 0.0, 0.0]"
hMpxV/China/GZ-GCDC_M050/2023|EPI_ISL_19058873|2023-06-16,"[0.0, 0.0, 0.0, 0.0, 0.0, 0.0, 0.0, 0.0, 1.0, 0.0, 0.0, 0.0, 0.0, 0.0, 0.0, 0.0, 0.0, 0.0, 0.0, 0.0, 0.0, 0.0, 0.0, 0.0, 0.0, 0.0, 0.0, 0.0, 0.0, 0.0, 0.0]"
hMpxV/Portugal/INSA-PT0686/2023|EPI_ISL_18553842|2023-07-13,"[0.0, 0.0, 0.0, 0.0, 0.0, 0.0, 0.0, 0.0, 0.0, 0.0, 0.0, 0.0, 0.0, 0.0, 0.0, 0.0, 0.0, 0.0, 0.0, 0.0, 0.0, 0.0, 1.0, 0.0, 0.0, 0.0, 0.0, 0.0, 0.0, 0.0, 0.0]"
hMpxV/Portugal/INSA-PT0671/2023|EPI_ISL_18228634|2023-08-02,"[0.0, 0.0, 0.0, 0.0, 0.0, 0.0, 0.0, 0.0, 0.0, 0.0, 0.0, 0.0, 0.0, 0.0, 0.0, 0.0, 0.0, 0.0, 0.0, 0.0, 0.0, 0.0, 1.0, 0.0, 0.0, 0.0, 0.0, 0.0, 0.0, 0.0, 0.0]"
hMpxV/China/SZ-CDC/Strain167,"[0.0, 0.0, 0.0, 0.0, 0.0, 0.0, 0.0, 0.0, 0.0, 0.0, 0.0, 0.0, 0.0, 0.0, 0.0, 0.0, 0.0, 0.0, 0.0, 0.0, 0.0, 0.0, 0.0, 0.0, 1.0, 0.0, 0.0, 0.0, 0.0, 0.0, 0.0]"
hMpxV/China/SZ-CDC/Strain014,"[0.0, 0.0, 0.0, 0.0, 0.0, 0.0, 0.0, 0.0, 0.0, 0.0, 0.0, 0.0, 0.0, 0.0, 0.0, 0.0, 0.0, 0.0, 0.0, 0.0, 0.0, 0.0, 0.0, 0.0, 1.0, 0.0, 0.0, 0.0, 0.0, 0.0, 0.0]"
hMpxV/China/SZ-CDC/Strain108,"[0.0, 0.0, 0.0, 0.0, 0.0, 0.0, 0.0, 0.0, 0.0, 0.0, 0.0, 0.0, 0.0, 0.0, 0.0, 0.0, 0.0, 0.0, 0.0, 0.0, 0.0, 0.0, 0.0, 0.0, 1.0, 0.0, 0.0, 0.0, 0.0, 0.0, 0.0]"
NODE_0000009,"[5.08146916673012e-08, 3.730547746857009e-08, 5.3857439897350716e-08, 3.85616476173877e-08, 3.232289819627486e-08, 3.7801822246244984e-08, 3.731007961522856e-08, 7.92420523211663e-08, 2.2456060026208756e-07, 5.64047450863314e-08, 4.9791607097326e-08, 3.779003082517245e-08, 3.6395028904202614e-08, 9.151914182015717e-08, 6.921809242694145e-08, 2.4148597693804916e-08, 2.0139347196536263e-07, 3.779003082515585e-08, 3.7790030825134994e-08, 4.770966657747421e-08, 1.5243490010109656e-08, 3.870511595385778e-08, 0.007918741925454865, 8.624034019052556e-08, 0.9920794433752776, 3.54103537686058e-08, 7.131276664928253e-08, 3.576197844736282e-08, 3.562234904208877e-08, 3.7577528793503194e-08, 1.7709819132978248e-07]"
hMpxV/China/SZ-CDC/Strain004,"[0.0, 0.0, 0.0, 0.0, 0.0, 0.0, 0.0, 0.0, 0.0, 0.0, 0.0, 0.0, 0.0, 0.0, 0.0, 0.0, 0.0, 0.0, 0.0, 0.0, 0.0, 0.0, 0.0, 0.0, 1.0, 0.0, 0.0, 0.0, 0.0, 0.0, 0.0]"
NODE_0000010,"[1.4330494494220455e-08, 9.949404780674621e-09, 1.3097960884635613e-08, 1.0291223436612244e-08, 8.598685904209362e-09, 1.0082479432804016e-08, 9.948917071913796e-09, 1.952754242785445e-08, 5.582309389006e-08, 1.4241062784456744e-08, 1.2755099189274483e-08, 1.0080575488868897e-08, 9.725356192146397e-09, 2.2253606431863913e-08, 1.8310610291436647e-08, 6.41101157029201e-09, 4.945790979412566e-08, 1.008057548886617e-08, 1.0080575488862827e-08, 1.2174743935738544e-08, 3.788759941050372e-09, 1.0355154073553135e-08, 0.0010653196395122902, 2.4534932857094126e-08, 0.9989342114362362, 9.434282578657029e-09, 2.017901787342191e-08, 9.534935375706774e-09, 9.52494744135891e-09, 9.2919327910056e-09, 4.505935959840802e-08]"
hMpxV/China/SZ-CDC/Strain001,"[0.0, 0.0, 0.0, 0.0, 0.0, 0.0, 0.0, 0.0, 0.0, 0.0, 0.0, 0.0, 0.0, 0.0, 0.0, 0.0, 0.0, 0.0, 0.0, 0.0, 0.0, 0.0, 0.0, 0.0, 1.0, 0.0, 0.0, 0.0, 0.0, 0.0, 0.0]"
hMpxV/China/SZ-CDC/Strain055,"[0.0, 0.0, 0.0, 0.0, 0.0, 0.0, 0.0, 0.0, 0.0, 0.0, 0.0, 0.0, 0.0, 0.0, 0.0, 0.0, 0.0, 0.0, 0.0, 0.0, 0.0, 0.0, 0.0, 0.0, 1.0, 0.0, 0.0, 0.0, 0.0, 0.0, 0.0]"
NODE_0000102,"[1.926097778556601e-10, 2.8085292385916296e-10, 8.76054101924515e-09, 2.876315112411642e-10, 2.553173169737824e-10, 2.834070031795857e-10, 2.812519447726396e-10, 2.7086018192853385e-09, 6.1745816299265844e-09, 1.0630065437635135e-09, 7.023225763348536e-10, 2.8338904919832643e-10, 2.7601209148093373e-10, 6.0159793071938276e-09, 5.35644482227383e-10, 2.0036301829272564e-10, 6.591537730221389e-09, 2.833890491983187e-10, 2.833890491982592e-10, 7.341204316030045e-10, 4.367348734092504e-10, 2.875562302451889e-10, 0.9999994577858237, 3.092640272433403e-10, 4.994376438394628e-07, 2.696580617792926e-10, 2.6689796094561844e-10, 2.7451430182269707e-10, 2.7065079893393365e-10, 1.6094579278968205e-09, 2.8578498818718695e-09]"
hMpxV/Portugal/INSA-PT0773/2023|EPI_ISL_18702208|2023-10-17,"[0.0, 0.0, 0.0, 0.0, 0.0, 0.0, 0.0, 0.0, 0.0, 0.0, 0.0, 0.0, 0.0, 0.0, 0.0, 0.0, 0.0, 0.0, 0.0, 0.0, 0.0, 0.0, 0.9999999999999999, 0.0, 0.0, 0.0, 0.0, 0.0, 0.0, 0.0, 0.0]"
hMpxV/Portugal/INSA-PT0780/2023|EPI_ISL_18702234|2023-10-29,"[0.0, 0.0, 0.0, 0.0, 0.0, 0.0, 0.0, 0.0, 0.0, 0.0, 0.0, 0.0, 0.0, 0.0, 0.0, 0.0, 0.0, 0.0, 0.0, 0.0, 0.0, 0.0, 1.0, 0.0, 0.0, 0.0, 0.0, 0.0, 0.0, 0.0, 0.0]"
NODE_0000103,"[1.2218108025324397e-14, 2.0362960706453824e-14, 1.1208100264131831e-12, 2.0839960689292012e-14, 1.8215435297125926e-14, 2.0561185026571288e-14, 2.0421820473980625e-14, 2.9328232786566936e-13, 7.119073757113489e-13, 9.982381658570715e-14, 6.161277644817818e-14, 2.0591070806435395e-14, 1.9706901534080664e-14, 7.255806366320121e-13, 4.49365500219592e-14, 1.4169053821695697e-14, 7.783839999253018e-13, 2.059107080643099e-14, 2.0591070806407545e-14, 6.4830282852443e-14, 4.3728420149274843e-14, 2.060242191722481e-14, 0.9999999999477488, 2.088531665129697e-14, 4.752540475881717e-11, 1.9595149710619045e-14, 1.7470580705064216e-14, 1.9855479771059006e-14, 1.9423311220102566e-14, 1.5990881707764742e-13, 2.9488197841311425e-13]"
hMpxV/Portugal/INSA-PT0757/2023|EPI_ISL_18702211|2023-10-04,"[0.0, 0.0, 0.0, 0.0, 0.0, 0.0, 0.0, 0.0, 0.0, 0.0, 0.0, 0.0, 0.0, 0.0, 0.0, 0.0, 0.0, 0.0, 0.0, 0.0, 0.0, 0.0, 1.0, 0.0, 0.0, 0.0, 0.0, 0.0, 0.0, 0.0, 0.0]"
hMpxV/Portugal/INSA-PT0750/2023|EPI_ISL_18702235|2023-10-02,"[0.0, 0.0, 0.0, 0.0, 0.0, 0.0, 0.0, 0.0, 0.0, 0.0, 0.0, 0.0, 0.0, 0.0, 0.0, 0.0, 0.0, 0.0, 0.0, 0.0, 0.0, 0.0, 0.9999999999999999, 0.0, 0.0, 0.0, 0.0, 0.0, 0.0, 0.0, 0.0]"
hMpxV/Portugal/INSA-PT0775/2023|EPI_ISL_18702253|2023-10-19,"[0.0, 0.0, 0.0, 0.0, 0.0, 0.0, 0.0, 0.0, 0.0, 0.0, 0.0, 0.0, 0.0, 0.0, 0.0, 0.0, 0.0, 0.0, 0.0, 0.0, 0.0, 0.0, 1.0, 0.0, 0.0, 0.0, 0.0, 0.0, 0.0, 0.0, 0.0]"
NODE_0000093,"[0.00020402425978351623, 1.0441044801478385e-05, 1.1898676458657949e-05, 1.0779348090274434e-05, 9.236691499498612e-06, 1.056116475256519e-05, 1.04322806730964e-05, 1.4960507949499581e-05, 3.560257564271097e-05, 1.234964437095713e-05, 1.164720505111136e-05, 1.0551415685852108e-05, 1.0330837118522109e-05, 1.58002688917674e-05, 1.718641964586375e-05, 7.013537018250052e-06, 3.127825081674139e-05, 1.0551415685851772e-05, 1.0551415685851476e-05, 1.108471377834515e-05, 3.7480990220143405e-06, 1.0944684145031253e-05, 0.0025154303074449496, 2.2811534872578986e-05, 0.9968894448290349, 9.910742679670941e-06, 1.9509009156263037e-05, 1.0067858300734712e-05, 1.0130506482906245e-05, 1.0427793412430157e-05, 3.129296204831069e-05]"
hMpxV/China/SZ-CDC/Strain078,"[0.0, 0.0, 0.0, 0.0, 0.0, 0.0, 0.0, 0.0, 0.0, 0.0, 0.0, 0.0, 0.0, 0.0, 0.0, 0.0, 0.0, 0.0, 0.0, 0.0, 0.0, 0.0, 0.0, 0.0, 1.0, 0.0, 0.0, 0.0, 0.0, 0.0, 0.0]"
NODE_0000095,"[0.0006878417897082075, 2.2971155591790534e-05, 2.1911639076896072e-05, 2.3731349574305897e-05, 2.015655335792905e-05, 2.3242306068845983e-05, 2.2942217618926895e-05, 2.8277842122946982e-05, 6.316278256051443e-05, 2.4952387375612067e-05, 2.4185596309798404e-05, 2.3225412806991805e-05, 2.2704031879169126e-05, 2.8148609718175246e-05, 3.7772221117961266e-05, 1.5349658263560154e-05, 5.5152013037071155e-05, 2.3225412806990975e-05, 2.322541280699058e-05, 2.28872923730732e-05, 7.866690096226968e-06, 2.4137269598203963e-05, 0.002346373396192867, 4.985647040207316e-05, 0.9961672284725679, 2.1799983207452824e-05, 4.2653884915250404e-05, 2.2061843009181458e-05, 2.2343198853197146e-05, 2.178634298489371e-05, 5.8826763997077864e-05]"
NODE_0000099,"[0.1636594133121178, 0.0004496305152065882, 0.00046925314652478426, 0.0004642693655450847, 0.00039295121995044186, 0.00045502787406899307, 0.0004491601432940716, 0.0004964319649626686, 0.0009082174877511252, 0.0004638146351553577, 0.0004560611857954156, 0.00045485985240688266, 0.0004439676471096146, 0.00047634359606589966, 0.000749360878931079, 0.00030079817180222323, 0.0008041716501060666, 0.00045485985240688016, 0.0004548598524068809, 0.00043194461159975876, 0.0001766395593934389, 0.000471153652004898, 0.005813800596774047, 0.0008308542489773815, 0.8160751177737959, 0.00042738269758296315, 0.0007060860133414982, 0.0004317542254027123, 0.0004365959178727096, 0.000509995923420095, 0.0008852224282269945]"
hMpxV/China/SZ-CDC/Strain096,"[0.0, 0.0, 0.0, 0.0, 0.0, 0.0, 0.0, 0.0, 0.0, 0.0, 0.0, 0.0, 0.0, 0.0, 0.0, 0.0, 0.0, 0.0, 0.0, 0.0, 0.0, 0.0, 0.0, 0.0, 1.0, 0.0, 0.0, 0.0, 0.0, 0.0, 0.0]"
hMpxV/Australia/VIC-VIDRL-6948/2024|EPI_ISL_19459747|2024-05-06,"[1.0, 0.0, 0.0, 0.0, 0.0, 0.0, 0.0, 0.0, 0.0, 0.0, 0.0, 0.0, 0.0, 0.0, 0.0, 0.0, 0.0, 0.0, 0.0, 0.0, 0.0, 0.0, 0.0, 0.0, 0.0, 0.0, 0.0, 0.0, 0.0, 0.0, 0.0]"
NODE_0000097,"[0.00011787251551358685, 4.871954916914895e-05, 2.997017749287906e-05, 5.050388522262622e-05, 4.234142783397955e-05, 4.934328363823638e-05, 4.855206416274662e-05, 5.6084411435043445e-05, 0.0001280589606860881, 5.1024001714659323e-05, 4.991127067584454e-05, 4.925490462246024e-05, 4.888219184399646e-05, 5.4185218712688894e-05, 7.172101885843006e-05, 3.253518087218968e-05, 0.0001108214840135851, 4.92549046224595e-05, 4.9254904622459284e-05, 4.771294773937293e-05, 1.2973619210380146e-05, 5.211601525137073e-05, 0.002210245565984067, 0.00011180563958567905, 0.9960342299748428, 4.607633892690068e-05, 9.697054709732555e-05, 4.6505915132368914e-05, 4.7954720920471095e-05, 3.1937414359400066e-05, 0.00012317994523682963]"
hMpxV/China/SZ-CDC/Strain111,"[0.0, 0.0, 0.0, 0.0, 0.0, 0.0, 0.0, 0.0, 0.0, 0.0, 0.0, 0.0, 0.0, 0.0, 0.0, 0.0, 0.0, 0.0, 0.0, 0.0, 0.0, 0.0, 0.0, 0.0, 1.0, 0.0, 0.0, 0.0, 0.0, 0.0, 0.0]"
hMpxV/China/SZ-CDC/Strain114,"[0.0, 0.0, 0.0, 0.0, 0.0, 0.0, 0.0, 0.0, 0.0, 0.0, 0.0, 0.0, 0.0, 0.0, 0.0, 0.0, 0.0, 0.0, 0.0, 0.0, 0.0, 0.0, 0.0, 0.0, 1.0, 0.0, 0.0, 0.0, 0.0, 0.0, 0.0]"
NODE_0000055,"[3.110690445897242e-11, 1.785572556412837e-11, 1.066970762008342e-11, 1.8588627770048372e-11, 1.4121835390222672e-11, 1.8173378417677782e-11, 1.8084902261201617e-11, 4.1314965913264886e-11, 2.9508978547306954e-10, 2.697601276855199e-11, 2.4648884678808143e-11, 1.8371275532472746e-11, 1.606086619467069e-11, 4.3900280298674703e-11, 5.0489310941445695e-11, 8.42459494630989e-12, 2.1445926847639008e-10, 1.837127553245211e-11, 1.8371275532474368e-11, 2.0659778998860053e-11, 4.412303388088004e-12, 1.7531329421400408e-11, 2.6267361458910777e-05, 1.0766149705485576e-10, 0.9999714016979938, 1.6680401035454757e-11, 6.664649173654459e-11, 1.73209823052926e-11, 1.582193870983741e-11, 5.264976735124439e-12, 2.329763468797687e-06]"
hMpxV/China/SZ-CDC/Strain144,"[0.0, 0.0, 0.0, 0.0, 0.0, 0.0, 0.0, 0.0, 0.0, 0.0, 0.0, 0.0, 0.0, 0.0, 0.0, 0.0, 0.0, 0.0, 0.0, 0.0, 0.0, 0.0, 0.0, 0.0, 1.0, 0.0, 0.0, 0.0, 0.0, 0.0, 0.0]"
hMpxV/China/SZ-CDC/Strain156,"[0.0, 0.0, 0.0, 0.0, 0.0, 0.0, 0.0, 0.0, 0.0, 0.0, 0.0, 0.0, 0.0, 0.0, 0.0, 0.0, 0.0, 0.0, 0.0, 0.0, 0.0, 0.0, 0.0, 0.0, 1.0, 0.0, 0.0, 0.0, 0.0, 0.0, 0.0]"
hMpxV/China/SZ-CDC/Strain182,"[0.0, 0.0, 0.0, 0.0, 0.0, 0.0, 0.0, 0.0, 0.0, 0.0, 0.0, 0.0, 0.0, 0.0, 0.0, 0.0, 0.0, 0.0, 0.0, 0.0, 0.0, 0.0, 0.0, 0.0, 1.0, 0.0, 0.0, 0.0, 0.0, 0.0, 0.0]"
hMpxV/China/YN-CDC-0001/2023|EPI_ISL_18059182|2023-06-27,"[0.0, 0.0, 0.0, 0.0, 0.0, 0.0, 0.0, 0.0, 0.0, 0.0, 0.0, 0.0, 0.0, 0.0, 0.0, 0.0, 0.0, 0.0, 0.0, 0.0, 0.0, 0.0, 0.0, 0.0, 0.0, 0.0, 0.0, 0.0, 0.0, 0.0, 1.0]"
NODE_0000057,"[9.826785448785352e-11, 5.212341200032758e-11, 2.0836656413356946e-11, 5.4070969232296825e-11, 4.446297746436223e-11, 5.288807210949413e-11, 5.213011382172879e-11, 5.842194528905577e-11, 1.9088375018354907e-10, 5.2881949442382476e-11, 5.285488253333159e-11, 5.288362489204986e-11, 5.071617423022382e-11, 5.188514638332759e-11, 9.639738562431596e-11, 3.2293383317378125e-11, 1.573788960098126e-10, 5.2883624891984566e-11, 5.288362489191127e-11, 4.858031629571613e-11, 1.1775629210813534e-11, 5.4308839142505306e-11, 8.891058182678767e-09, 1.7399898711021498e-10, 0.999999989038227, 4.92084982783945e-11, 1.4072309409803623e-10, 4.976136680504746e-11, 4.954999838529818e-11, 2.4542748702329987e-11, 1.9112093195563689e-10]"
hMpxV/China/SZ-CDC/Strain039,"[0.0, 0.0, 0.0, 0.0, 0.0, 0.0, 0.0, 0.0, 0.0, 0.0, 0.0, 0.0, 0.0, 0.0, 0.0, 0.0, 0.0, 0.0, 0.0, 0.0, 0.0, 0.0, 0.0, 0.0, 1.0, 0.0, 0.0, 0.0, 0.0, 0.0, 0.0]"
hMpxV/China/SZ-CDC/Strain080,"[0.0, 0.0, 0.0, 0.0, 0.0, 0.0, 0.0, 0.0, 0.0, 0.0, 0.0, 0.0, 0.0, 0.0, 0.0, 0.0, 0.0, 0.0, 0.0, 0.0, 0.0, 0.0, 0.0, 0.0, 1.0, 0.0, 0.0, 0.0, 0.0, 0.0, 0.0]"
NODE_0000061,"[1.3147906224537596e-08, 7.206348885347942e-09, 3.109431814372826e-09, 7.475130639030768e-09, 6.16247219082182e-09, 7.309835300584746e-09, 7.203035406460797e-09, 8.13451876228737e-09, 2.5120301500947854e-08, 7.360272134541354e-09, 7.327998005595471e-09, 7.307624661242451e-09, 7.049288693786609e-09, 7.342143474209074e-09, 1.2853621370647649e-08, 4.51643159429271e-09, 2.0852044840958296e-08, 7.3076246612378395e-09, 7.307624661232706e-09, 6.778518422193995e-09, 1.672114471843495e-09, 7.544525742977056e-09, 9.909809068099984e-07, 2.270010366270957e-08, 0.9999987288588429, 6.8047325735138e-09, 1.854903783881963e-08, 6.880358562327548e-09, 6.8939969648784284e-09, 3.5772629653945825e-09, 2.466594430458429e-08]"
hMpxV/China/SZ-CDC/Strain128,"[0.0, 0.0, 0.0, 0.0, 0.0, 0.0, 0.0, 0.0, 0.0, 0.0, 0.0, 0.0, 0.0, 0.0, 0.0, 0.0, 0.0, 0.0, 0.0, 0.0, 0.0, 0.0, 0.0, 0.0, 1.0, 0.0, 0.0, 0.0, 0.0, 0.0, 0.0]"
hMpxV/China/SZ-CDC/Strain137,"[0.0, 0.0, 0.0, 0.0, 0.0, 0.0, 0.0, 0.0, 0.0, 0.0, 0.0, 0.0, 0.0, 0.0, 0.0, 0.0, 0.0, 0.0, 0.0, 0.0, 0.0, 0.0, 0.0, 0.0, 1.0, 0.0, 0.0, 0.0, 0.0, 0.0, 0.0]"
NODE_0000063,"[1.5066155596213705e-07, 1.0901938857708874e-07, 2.2770656888055387e-06, 1.098251219969521e-07, 1.0839916878851976e-07, 1.096929245832874e-07, 1.0882100825024577e-07, 5.409154203392992e-07, 1.4929833511070156e-06, 2.681024481434018e-07, 2.0291732040413052e-07, 1.0852459103961917e-07, 1.0402630972244278e-07, 9.453960079014887e-07, 2.3258937021997894e-07, 1.1241883942532042e-07, 1.836364020802285e-06, 1.085245910396171e-07, 1.0852459103961471e-07, 2.0086536986613357e-07, 2.950454317940454e-07, 1.0886248148943343e-07, 0.9819155353689374, 1.8593717172466156e-07, 0.018070360176890916, 1.1807070937330869e-07, 1.5338094970503522e-07, 1.1987452802911513e-07, 1.0246116930437591e-07, 2.9289991183943906e-06, 8.5618552405034e-07]"
hMpxV/China/SZ-CDC/Strain169,"[0.0, 0.0, 0.0, 0.0, 0.0, 0.0, 0.0, 0.0, 0.0, 0.0, 0.0, 0.0, 0.0, 0.0, 0.0, 0.0, 0.0, 0.0, 0.0, 0.0, 0.0, 0.0, 0.0, 0.0, 1.0, 0.0, 0.0, 0.0, 0.0, 0.0, 0.0]"
NODE_0000089,"[3.399127026176729e-11, 4.959925582292427e-11, 1.631670157002925e-09, 5.0791285567988923e-11, 4.5055382104397645e-11, 5.005099068720961e-11, 4.9680778291976015e-11, 4.952921823074706e-10, 1.145832951871959e-09, 1.9144960673414607e-10, 1.2577177323861548e-10, 5.005636728811342e-11, 4.866871723675547e-11, 1.113630336009819e-09, 9.607579917859848e-11, 3.527967796235968e-11, 1.2247549924301688e-09, 5.005636728810651e-11, 5.005636728806502e-11, 1.314148193581454e-10, 7.893152645094199e-11, 5.070602272354281e-11, 0.9999998714368997, 5.511250364270134e-11, 1.207024950309614e-07, 4.762689120864523e-11, 4.7382562232823795e-11, 4.8496461639405805e-11, 4.773153224315392e-11, 2.9109151750344455e-10, 5.243471779027308e-10]"
hMpxV/Portugal/INSA-PT0756/2023|EPI_ISL_18702225|2023-10-06,"[0.0, 0.0, 0.0, 0.0, 0.0, 0.0, 0.0, 0.0, 0.0, 0.0, 0.0, 0.0, 0.0, 0.0, 0.0, 0.0, 0.0, 0.0, 0.0, 0.0, 0.0, 0.0, 1.0, 0.0, 0.0, 0.0, 0.0, 0.0, 0.0, 0.0, 0.0]"
hMpxV/Portugal/INSA-PT0785/2023|EPI_ISL_18702257|2023-10-31,"[0.0, 0.0, 0.0, 0.0, 0.0, 0.0, 0.0, 0.0, 0.0, 0.0, 0.0, 0.0, 0.0, 0.0, 0.0, 0.0, 0.0, 0.0, 0.0, 0.0, 0.0, 0.0, 1.0, 0.0, 0.0, 0.0, 0.0, 0.0, 0.0, 0.0, 0.0]"
hMpxV/Portugal/INSA-PT0733/2023|EPI_ISL_18553811|2023-09-19,"[0.0, 0.0, 0.0, 0.0, 0.0, 0.0, 0.0, 0.0, 0.0, 0.0, 0.0, 0.0, 0.0, 0.0, 0.0, 0.0, 0.0, 0.0, 0.0, 0.0, 0.0, 0.0, 1.0, 0.0, 0.0, 0.0, 0.0, 0.0, 0.0, 0.0, 0.0]"
NODE_0000064,"[0.00778372024655704, 0.0036785029258653147, 0.015560046612730402, 0.0037160037129771377, 0.003896481009845178, 0.0036946744740250863, 0.003654958974921926, 0.005234047447103721, 0.007580352557359132, 0.0044104969270792995, 0.004098719218272851, 0.0036548655414647985, 0.003653972547887877, 0.005973557887297754, 0.005235794129125143, 0.006237037964527111, 0.013023075966509973, 0.0036548655414648037, 0.003654865541464786, 0.004070355443379022, 0.011932686509115378, 0.0038074834595755234, 0.21932207728923392, 0.004712377721784542, 0.18975370905044733, 0.004864870143426979, 0.004359230468327226, 0.004826191465944375, 0.0035943174092983687, 0.43375319296931897, 0.006607468843669092]"
NODE_0000069,"[5.690496629874235e-07, 1.1428063765181093e-07, 1.7116087805944032e-06, 1.1489767097275279e-07, 1.379425908483631e-07, 1.147070687536721e-07, 1.148470947269645e-07, 1.4753961005102272e-07, 1.932884458050952e-07, 1.30053040561947e-07, 1.2513745358192476e-07, 1.1473069622556714e-07, 1.1003173964754514e-07, 1.5998896229235185e-07, 2.3165635162569963e-07, 5.429981267625307e-07, 7.401233872686671e-07, 1.1473069622563517e-07, 1.1473069622560691e-07, 1.1929705533609044e-07, 5.22897988797687e-06, 1.1333902001491899e-07, 7.175480082552175e-06, 1.3885908597396722e-07, 2.843120409442577e-06, 2.456866229573412e-07, 1.196884894102289e-07, 2.388575946107015e-07, 1.0951725148673433e-07, 0.9999778899123583, 1.7491942924842783e-07]"
hMpxV/USA/WA-UW-11099/2024|EPI_ISL_19109197|2024-02-01,"[0.0, 0.0, 0.0, 0.0, 0.0, 0.0, 0.0, 0.0, 0.0, 0.0, 0.0, 0.0, 0.0, 0.0, 0.0, 0.0, 0.0, 0.0, 0.0, 0.0, 0.0, 0.0, 0.0, 0.0, 0.0, 0.0, 0.0, 0.0, 0.0, 1.0, 0.0]"
hMpxV/USA/CA-UW-301960/2024|EPI_ISL_19053766|2024-02-14,"[0.0, 0.0, 0.0, 0.0, 0.0, 0.0, 0.0, 0.0, 0.0, 0.0, 0.0, 0.0, 0.0, 0.0, 0.0, 0.0, 0.0, 0.0, 0.0, 0.0, 0.0, 0.0, 0.0, 0.0, 0.0, 0.0, 0.0, 0.0, 0.0, 1.0, 0.0]"
NODE_0000066,"[1.9057978892746989e-10, 5.7808354288934755e-11, 4.043033219747665e-11, 5.866314454001981e-11, 5.3974406073581024e-11, 5.838636615957382e-11, 5.785563081955441e-11, 7.302729051521457e-11, 3.9104423641324616e-10, 6.076661100344012e-11, 6.119622668076928e-11, 5.7941230011630936e-11, 5.311232731189022e-11, 6.633698689669389e-11, 1.6178954621751477e-10, 5.1732799110661107e-11, 3.8526965708971834e-10, 5.794123001161248e-11, 5.794123001159798e-11, 5.324681670374482e-11, 4.318172741382495e-11, 5.6936733418714393e-11, 3.2606324029098774e-07, 3.0242974601789807e-10, 0.9999996704591778, 6.276553419612713e-11, 2.1727235356964953e-10, 6.382797442477232e-11, 5.233660464064626e-11, 2.6663497922632194e-10, 3.631519353697378e-10]"
hMpxV/China/SZ-CDC/Strain088,"[0.0, 0.0, 0.0, 0.0, 0.0, 0.0, 0.0, 0.0, 0.0, 0.0, 0.0, 0.0, 0.0, 0.0, 0.0, 0.0, 0.0, 0.0, 0.0, 0.0, 0.0, 0.0, 0.0, 0.0, 0.9999999999999999, 0.0, 0.0, 0.0, 0.0, 0.0, 0.0]"
hMpxV/China/SZ-CDC/Strain089,"[0.0, 0.0, 0.0, 0.0, 0.0, 0.0, 0.0, 0.0, 0.0, 0.0, 0.0, 0.0, 0.0, 0.0, 0.0, 0.0, 0.0, 0.0, 0.0, 0.0, 0.0, 0.0, 0.0, 0.0, 0.9999999999999999, 0.0, 0.0, 0.0, 0.0, 0.0, 0.0]"
hMpxV/China/SZ-CDC/Strain104,"[0.0, 0.0, 0.0, 0.0, 0.0, 0.0, 0.0, 0.0, 0.0, 0.0, 0.0, 0.0, 0.0, 0.0, 0.0, 0.0, 0.0, 0.0, 0.0, 0.0, 0.0, 0.0, 0.0, 0.0, 1.0, 0.0, 0.0, 0.0, 0.0, 0.0, 0.0]"
NODE_0000067,"[2.755466663660623e-08, 1.5181858264569164e-08, 6.6545564833297405e-09, 1.5747310054887922e-08, 1.2991586816439603e-08, 1.539878702370792e-08, 1.517304883842342e-08, 1.7160447376159745e-08, 5.2468585716842906e-08, 1.552565875705938e-08, 1.544636027980667e-08, 1.539321095382248e-08, 1.4865830038460791e-08, 1.5537322476136416e-08, 2.690432537453453e-08, 9.54466117198859e-09, 4.364389565748974e-08, 1.5393210953813307e-08, 1.5393210953806653e-08, 1.4305416704418857e-08, 3.554226546351065e-09, 1.5908366543670135e-08, 2.2355060009096263e-06, 4.731256938868764e-08, 0.9999971765410812, 1.434008624135281e-08, 3.8728228297748566e-08, 1.4499197349506137e-08, 1.4541330104720012e-08, 7.713219162048225e-09, 5.107174368075027e-08]"
hMpxV/China/SZ-CDC/Strain095,"[0.0, 0.0, 0.0, 0.0, 0.0, 0.0, 0.0, 0.0, 0.0, 0.0, 0.0, 0.0, 0.0, 0.0, 0.0, 0.0, 0.0, 0.0, 0.0, 0.0, 0.0, 0.0, 0.0, 0.0, 1.0, 0.0, 0.0, 0.0, 0.0, 0.0, 0.0]"
hMpxV/China/SZ-CDC/Strain100,"[0.0, 0.0, 0.0, 0.0, 0.0, 0.0, 0.0, 0.0, 0.0, 0.0, 0.0, 0.0, 0.0, 0.0, 0.0, 0.0, 0.0, 0.0, 0.0, 0.0, 0.0, 0.0, 0.0, 0.0, 1.0, 0.0, 0.0, 0.0, 0.0, 0.0, 0.0]"
NODE_0000071,"[3.1912583866160967e-07, 2.40483207928572e-07, 8.767087422948658e-05, 2.45682354360021e-07, 3.563719339617836e-07, 2.424972363747408e-07, 2.5100480532052454e-07, 8.472673879049373e-07, 1.4794018671087655e-06, 4.958361933472362e-07, 3.9125791885711554e-07, 2.416744886398026e-07, 2.3677259998363999e-07, 1.3350388419164101e-06, 3.2801098105689335e-07, 2.314259755837919e-07, 1.9552376711495893e-06, 2.4167448863979765e-07, 2.4167448863977377e-07, 3.974266024079823e-07, 5.11839431885502e-07, 2.475248840451019e-07, 0.9997164683534903, 2.879558158069126e-07, 0.00018155957830818612, 2.3063790451354893e-07, 2.526126580414069e-07, 2.3275953823559067e-07, 2.324121264779165e-07, 1.2736634352241234e-06, 9.539232958179518e-07]"
NODE_0000088,"[5.3824281348406565e-11, 8.280909024618026e-11, 2.0938874942776962e-08, 8.518296088606031e-11, 9.031148540154157e-11, 8.376314919099102e-11, 8.483566074749855e-11, 5.681595519831198e-10, 1.1548801957773932e-09, 2.5658211210821816e-10, 1.8061556619988864e-10, 8.40726160662772e-11, 1.4108431600620561e-10, 2.9413296591046853e-09, 1.135909809624912e-10, 5.793986003894119e-11, 1.1238404629859165e-06, 8.40726160662637e-11, 8.407261606618985e-11, 1.7854967930349455e-10, 1.5178427104550363e-10, 8.437334849193282e-11, 0.9999985934724788, 9.261607623429543e-11, 2.534870008570614e-07, 7.884829011899192e-11, 7.010907486486262e-11, 1.410512687083328e-10, 7.693304169644519e-11, 6.366952548684707e-10, 6.030952251272922e-10]"
hMpxV/Netherlands/un-EMC-NL090/2023|EPI_ISL_18659846|2023-11-07,"[0.0, 0.0, 0.0, 0.0, 0.0, 0.0, 0.0, 0.0, 0.0, 0.0, 0.0, 0.0, 0.0, 0.0, 0.0, 0.0, 1.0, 0.0, 0.0, 0.0, 0.0, 0.0, 0.0, 0.0, 0.0, 0.0, 0.0, 0.0, 0.0, 0.0, 0.0]"
hMpxV/Netherlands/un-EMC-NL089/2023|EPI_ISL_18659829|2023-10-15,"[0.0, 0.0, 0.0, 0.0, 0.0, 0.0, 0.0, 0.0, 0.0, 0.0, 0.0, 0.0, 0.0, 0.0, 0.0, 0.0, 1.0, 0.0, 0.0, 0.0, 0.0, 0.0, 0.0, 0.0, 0.0, 0.0, 0.0, 0.0, 0.0, 0.0, 0.0]"
hMpxV/Portugal/INSA-PT0713/2023|EPI_ISL_18553850|2023-08-21,"[0.0, 0.0, 0.0, 0.0, 0.0, 0.0, 0.0, 0.0, 0.0, 0.0, 0.0, 0.0, 0.0, 0.0, 0.0, 0.0, 0.0, 0.0, 0.0, 0.0, 0.0, 0.0, 1.0, 0.0, 0.0, 0.0, 0.0, 0.0, 0.0, 0.0, 0.0]"
hMpxV/Portugal/INSA-PT0666/2023|EPI_ISL_18228630|2023-08-01,"[0.0, 0.0, 0.0, 0.0, 0.0, 0.0, 0.0, 0.0, 0.0, 0.0, 0.0, 0.0, 0.0, 0.0, 0.0, 0.0, 0.0, 0.0, 0.0, 0.0, 0.0, 0.0, 0.9999999999999999, 0.0, 0.0, 0.0, 0.0, 0.0, 0.0, 0.0, 0.0]"
NODE_0000072,"[2.325887121016308e-06, 1.0131260307148868e-06, 0.0850851885974431, 1.0090548443523482e-06, 3.342805168062822e-06, 1.0140359806011175e-06, 1.1277367737152544e-06, 3.4816467797006837e-06, 5.390343943315706e-06, 2.074615718258604e-06, 1.6490360742333665e-06, 1.0013524909745907e-06, 9.569344437263056e-07, 5.381517679274331e-06, 1.190760904732107e-06, 1.6236842465922647e-06, 5.655679528044988e-06, 1.0013524909745727e-06, 1.001352490974488e-06, 1.6543929041190603e-06, 1.184008160975452e-05, 9.90947137441198e-07, 0.9147871430441735, 1.0220949215342044e-06, 4.1717663977258084e-05, 9.761490606741524e-07, 8.614035226371141e-07, 9.89216631427727e-07, 9.438719030855205e-07, 2.2916998812546186e-05, 3.5146151934326802e-06]"
hMpxV/Brazil/RS-CEVS-378/2023|EPI_ISL_18971017|2023-11-08,"[0.0, 0.0, 1.0, 0.0, 0.0, 0.0, 0.0, 0.0, 0.0, 0.0, 0.0, 0.0, 0.0, 0.0, 0.0, 0.0, 0.0, 0.0, 0.0, 0.0, 0.0, 0.0, 0.0, 0.0, 0.0, 0.0, 0.0, 0.0, 0.0, 0.0, 0.0]"
hMpxV/Brazil/RJ-FIOCRUZ-10491/2024|EPI_ISL_19416152|2024-04-18,"[0.0, 0.0, 0.9999999999999999, 0.0, 0.0, 0.0, 0.0, 0.0, 0.0, 0.0, 0.0, 0.0, 0.0, 0.0, 0.0, 0.0, 0.0, 0.0, 0.0, 0.0, 0.0, 0.0, 0.0, 0.0, 0.0, 0.0, 0.0, 0.0, 0.0, 0.0, 0.0]"
hMpxV/Portugal/INSA-PT0734/2023|EPI_ISL_18553812|2023-09-19,"[0.0, 0.0, 0.0, 0.0, 0.0, 0.0, 0.0, 0.0, 0.0, 0.0, 0.0, 0.0, 0.0, 0.0, 0.0, 0.0, 0.0, 0.0, 0.0, 0.0, 0.0, 0.0, 1.0, 0.0, 0.0, 0.0, 0.0, 0.0, 0.0, 0.0, 0.0]"
NODE_0000073,"[3.1147805641687884e-24, 2.999401940146018e-26, 1.0, 2.872331749703356e-26, 9.712192485840239e-24, 2.970314385790615e-26, 5.477812007968705e-26, 4.0045660953664665e-26, 4.4987999333725474e-26, 3.439885742369197e-26, 3.4541325182742845e-26, 3.001335385096013e-26, 2.399659560431299e-26, 4.254356416305286e-26, 1.5183617147983435e-26, 5.998150454700579e-25, 3.97789797625988e-26, 3.001335385092063e-26, 3.0013353850937276e-26, 2.806107316128014e-26, 2.8117163489202285e-21, 2.3814745391088303e-26, 3.40720539536837e-21, 3.0064046352871323e-26, 5.589562734082692e-26, 3.0128186527054835e-26, 1.7708204491554633e-26, 3.173668989712402e-26, 2.4574697564293664e-26, 2.320699865126881e-22, 3.9684473359380985e-26]"
hMpxV/Brazil/SP-IAL-357640019/2024|EPI_ISL_19359696|2024-04-03,"[0.0, 0.0, 1.0, 0.0, 0.0, 0.0, 0.0, 0.0, 0.0, 0.0, 0.0, 0.0, 0.0, 0.0, 0.0, 0.0, 0.0, 0.0, 0.0, 0.0, 0.0, 0.0, 0.0, 0.0, 0.0, 0.0, 0.0, 0.0, 0.0, 0.0, 0.0]"
hMpxV/Brazil/RJ-FIOCRUZ-09216/2024|EPI_ISL_19416146|2024-03-31,"[0.0, 0.0, 1.0, 0.0, 0.0, 0.0, 0.0, 0.0, 0.0, 0.0, 0.0, 0.0, 0.0, 0.0, 0.0, 0.0, 0.0, 0.0, 0.0, 0.0, 0.0, 0.0, 0.0, 0.0, 0.0, 0.0, 0.0, 0.0, 0.0, 0.0, 0.0]"
hMpxV/Brazil/RJ-FIOCRUZ-09217/2024|EPI_ISL_19416147|2024-03-29,"[0.0, 0.0, 1.0, 0.0, 0.0, 0.0, 0.0, 0.0, 0.0, 0.0, 0.0, 0.0, 0.0, 0.0, 0.0, 0.0, 0.0, 0.0, 0.0, 0.0, 0.0, 0.0, 0.0, 0.0, 0.0, 0.0, 0.0, 0.0, 0.0, 0.0, 0.0]"
hMpxV/Brazil/RJ-FIOCRUZ-10495/2024|EPI_ISL_19416154|2024-05-02,"[0.0, 0.0, 1.0, 0.0, 0.0, 0.0, 0.0, 0.0, 0.0, 0.0, 0.0, 0.0, 0.0, 0.0, 0.0, 0.0, 0.0, 0.0, 0.0, 0.0, 0.0, 0.0, 0.0, 0.0, 0.0, 0.0, 0.0, 0.0, 0.0, 0.0, 0.0]"
hMpxV/Brazil/RJ-FIOCRUZ-10490/2024|EPI_ISL_19416151|2024-04-10,"[0.0, 0.0, 1.0, 0.0, 0.0, 0.0, 0.0, 0.0, 0.0, 0.0, 0.0, 0.0, 0.0, 0.0, 0.0, 0.0, 0.0, 0.0, 0.0, 0.0, 0.0, 0.0, 0.0, 0.0, 0.0, 0.0, 0.0, 0.0, 0.0, 0.0, 0.0]"
hMpxV/Brazil/RJ-FIOCRUZ-10505/2024|EPI_ISL_19416158|2024-05-16,"[0.0, 0.0, 1.0, 0.0, 0.0, 0.0, 0.0, 0.0, 0.0, 0.0, 0.0, 0.0, 0.0, 0.0, 0.0, 0.0, 0.0, 0.0, 0.0, 0.0, 0.0, 0.0, 0.0, 0.0, 0.0, 0.0, 0.0, 0.0, 0.0, 0.0, 0.0]"
hMpxV/Brazil/RJ-FIOCRUZ-09215/2024|EPI_ISL_19416145|2024-03-29,"[0.0, 0.0, 1.0, 0.0, 0.0, 0.0, 0.0, 0.0, 0.0, 0.0, 0.0, 0.0, 0.0, 0.0, 0.0, 0.0, 0.0, 0.0, 0.0, 0.0, 0.0, 0.0, 0.0, 0.0, 0.0, 0.0, 0.0, 0.0, 0.0, 0.0, 0.0]"
NODE_0000074,"[1.0888197003192114e-23, 2.955708681527494e-26, 1.0, 2.668376617907542e-26, 4.412972146265795e-23, 2.8713565682170006e-26, 5.980892569355748e-26, 3.085635523416321e-26, 3.1559817094276606e-26, 2.883353446854794e-26, 3.0487981370816113e-26, 2.830774864342282e-26, 2.1385523015389833e-26, 3.0467472652488385e-26, 1.2611898876613982e-26, 1.5290135676637418e-24, 2.896551969284363e-26, 2.8307748643407605e-26, 2.830774864342442e-26, 2.3980984675777737e-26, 6.152393421989518e-20, 2.1083808474277043e-26, 3.859794999327695e-21, 2.7514672471196405e-26, 2.6950107990126166e-26, 2.959669781408838e-26, 1.4513891830894217e-26, 3.117701533066501e-26, 2.2125351637069615e-26, 2.79917619287367e-21, 2.992760701437257e-26]"
hMpxV/Brazil/RJ-UG_UFRJ_0568/2024|EPI_ISL_19434513|2024-08-15,"[0.0, 0.0, 0.9999999999999999, 0.0, 0.0, 0.0, 0.0, 0.0, 0.0, 0.0, 0.0, 0.0, 0.0, 0.0, 0.0, 0.0, 0.0, 0.0, 0.0, 0.0, 0.0, 0.0, 0.0, 0.0, 0.0, 0.0, 0.0, 0.0, 0.0, 0.0, 0.0]"
hMpxV/Brazil/SP-IAL-357886830/2024|EPI_ISL_19372757|2024-08-06,"[0.0, 0.0, 1.0, 0.0, 0.0, 0.0, 0.0, 0.0, 0.0, 0.0, 0.0, 0.0, 0.0, 0.0, 0.0, 0.0, 0.0, 0.0, 0.0, 0.0, 0.0, 0.0, 0.0, 0.0, 0.0, 0.0, 0.0, 0.0, 0.0, 0.0, 0.0]"
hMpxV/Brazil/SP-IAL-357903632/2024|EPI_ISL_19372770|2024-08-19,"[0.0, 0.0, 1.0, 0.0, 0.0, 0.0, 0.0, 0.0, 0.0, 0.0, 0.0, 0.0, 0.0, 0.0, 0.0, 0.0, 0.0, 0.0, 0.0, 0.0, 0.0, 0.0, 0.0, 0.0, 0.0, 0.0, 0.0, 0.0, 0.0, 0.0, 0.0]"
hMpxV/Brazil/RJ-FIOCRUZ-10527/2024|EPI_ISL_19416172|2024-08-16,"[0.0, 0.0, 1.0, 0.0, 0.0, 0.0, 0.0, 0.0, 0.0, 0.0, 0.0, 0.0, 0.0, 0.0, 0.0, 0.0, 0.0, 0.0, 0.0, 0.0, 0.0, 0.0, 0.0, 0.0, 0.0, 0.0, 0.0, 0.0, 0.0, 0.0, 0.0]"
hMpxV/Brazil/PR-FIOCRUZ-10548/2024|EPI_ISL_19416185|2024-07-19,"[0.0, 0.0, 1.0, 0.0, 0.0, 0.0, 0.0, 0.0, 0.0, 0.0, 0.0, 0.0, 0.0, 0.0, 0.0, 0.0, 0.0, 0.0, 0.0, 0.0, 0.0, 0.0, 0.0, 0.0, 0.0, 0.0, 0.0, 0.0, 0.0, 0.0, 0.0]"
hMpxV/Brazil/PR-FIOCRUZ-10549/2024|EPI_ISL_19416186|2024-07-20,"[0.0, 0.0, 1.0, 0.0, 0.0, 0.0, 0.0, 0.0, 0.0, 0.0, 0.0, 0.0, 0.0, 0.0, 0.0, 0.0, 0.0, 0.0, 0.0, 0.0, 0.0, 0.0, 0.0, 0.0, 0.0, 0.0, 0.0, 0.0, 0.0, 0.0, 0.0]"
hMpxV/Brazil/SP-IAL-357981172/2024|EPI_ISL_19524888|2024-10-04,"[0.0, 0.0, 0.9999999999999999, 0.0, 0.0, 0.0, 0.0, 0.0, 0.0, 0.0, 0.0, 0.0, 0.0, 0.0, 0.0, 0.0, 0.0, 0.0, 0.0, 0.0, 0.0, 0.0, 0.0, 0.0, 0.0, 0.0, 0.0, 0.0, 0.0, 0.0, 0.0]"
hMpxV/Brazil/SP-IAL-357914556/2024|EPI_ISL_19446289|2024-08-26,"[0.0, 0.0, 1.0, 0.0, 0.0, 0.0, 0.0, 0.0, 0.0, 0.0, 0.0, 0.0, 0.0, 0.0, 0.0, 0.0, 0.0, 0.0, 0.0, 0.0, 0.0, 0.0, 0.0, 0.0, 0.0, 0.0, 0.0, 0.0, 0.0, 0.0, 0.0]"
NODE_0000077,"[1.949551404264131e-07, 4.03431887003985e-08, 0.9999962231194025, 4.067867794333794e-08, 2.567174357818991e-07, 4.051549046821183e-08, 4.8776172445362844e-08, 4.0828527262131577e-08, 4.1237722462573314e-08, 4.0410023365217174e-08, 3.995713212817653e-08, 4.035502275557534e-08, 3.888597208691053e-08, 4.0218465466335785e-08, 2.8480616712186188e-08, 9.39755765946756e-08, 4.00976999359883e-08, 4.0355022755572864e-08, 4.035502275557493e-08, 3.839917166248933e-08, 7.973625483944194e-07, 4.019824672382638e-08, 7.063663430786055e-07, 4.050958579136631e-08, 3.721359049406327e-08, 3.9071309297060776e-08, 3.511881281903632e-08, 3.937980350310439e-08, 3.8472694481959886e-08, 7.766989166805843e-07, 4.094666451712046e-08]"
hMpxV/Brazil/RJ-UG_UFRJ_0572/2024|EPI_ISL_19434500|2024-08-27,"[0.0, 0.0, 1.0, 0.0, 0.0, 0.0, 0.0, 0.0, 0.0, 0.0, 0.0, 0.0, 0.0, 0.0, 0.0, 0.0, 0.0, 0.0, 0.0, 0.0, 0.0, 0.0, 0.0, 0.0, 0.0, 0.0, 0.0, 0.0, 0.0, 0.0, 0.0]"
hMpxV/Brazil/SP-IAL-357899716/2024|EPI_ISL_19372765|2024-08-15,"[0.0, 0.0, 0.9999999999999999, 0.0, 0.0, 0.0, 0.0, 0.0, 0.0, 0.0, 0.0, 0.0, 0.0, 0.0, 0.0, 0.0, 0.0, 0.0, 0.0, 0.0, 0.0, 0.0, 0.0, 0.0, 0.0, 0.0, 0.0, 0.0, 0.0, 0.0, 0.0]"
NODE_0000078,"[4.820074016538583e-08, 1.0503824306126647e-08, 0.999999089296955, 1.0593580550590969e-08, 6.243991843937518e-08, 1.0551419527965876e-08, 1.2595648067206872e-08, 1.0629335228101322e-08, 1.0743375729875103e-08, 1.0520543288388287e-08, 1.0389636585852e-08, 1.0499857544495437e-08, 1.0151470144117445e-08, 1.048446719711659e-08, 7.473751491172383e-09, 2.3644055202354888e-08, 1.0480638351821906e-08, 1.0499857544494655e-08, 1.0499857544495402e-08, 1.0018155904666656e-08, 1.797379180846921e-07, 1.0500833492262552e-08, 1.6226973694767047e-07, 1.054644361711412e-08, 9.761475799345083e-09, 1.016859847322951e-08, 9.206599621782156e-09, 1.0241528382462286e-08, 1.0036460545685352e-08, 1.8664699605929882e-07, 1.0666321375343183e-08]"
hMpxV/Brazil/SP-IAL-357981364/2024|EPI_ISL_19524870|2024-10-07,"[0.0, 0.0, 1.0, 0.0, 0.0, 0.0, 0.0, 0.0, 0.0, 0.0, 0.0, 0.0, 0.0, 0.0, 0.0, 0.0, 0.0, 0.0, 0.0, 0.0, 0.0, 0.0, 0.0, 0.0, 0.0, 0.0, 0.0, 0.0, 0.0, 0.0, 0.0]"
hMpxV/Brazil/SP-IAL-357985080/2024|EPI_ISL_19524871|2024-10-09,"[0.0, 0.0, 1.0, 0.0, 0.0, 0.0, 0.0, 0.0, 0.0, 0.0, 0.0, 0.0, 0.0, 0.0, 0.0, 0.0, 0.0, 0.0, 0.0, 0.0, 0.0, 0.0, 0.0, 0.0, 0.0, 0.0, 0.0, 0.0, 0.0, 0.0, 0.0]"
NODE_0000075,"[1.5671166009285057e-09, 1.8902300495614405e-10, 0.9999999548796188, 1.8909803987928403e-10, 2.37947742205336e-09, 1.8943506999724366e-10, 2.4573537105576936e-10, 1.9161736585887833e-10, 1.9300013395867697e-10, 1.8904221408439214e-10, 1.8892578962870165e-10, 1.8923521660490008e-10, 1.7665173028639274e-10, 1.8735388097837658e-10, 1.2419017488792632e-10, 6.392421997510228e-10, 1.843116767739297e-10, 1.8923521660489238e-10, 1.8923521660490138e-10, 1.7623321192174534e-10, 1.5820585282287143e-08, 1.8146467897205738e-10, 1.043854750843616e-08, 1.8915594907012613e-10, 1.649630656243264e-10, 1.8422872514832938e-10, 1.537303722005008e-10, 1.8686484842595445e-10, 1.7589186447303506e-10, 9.855456391887972e-09, 1.913327322473869e-10]"
hMpxV/Brazil/RJ-UG_UFRJ_0552/2024|EPI_ISL_19434496|2024-08-15,"[0.0, 0.0, 0.9999999999999999, 0.0, 0.0, 0.0, 0.0, 0.0, 0.0, 0.0, 0.0, 0.0, 0.0, 0.0, 0.0, 0.0, 0.0, 0.0, 0.0, 0.0, 0.0, 0.0, 0.0, 0.0, 0.0, 0.0, 0.0, 0.0, 0.0, 0.0, 0.0]"
hMpxV/Brazil/RJ-UG_UFRJ_0553/2024|EPI_ISL_19434497|2024-08-19,"[0.0, 0.0, 1.0, 0.0, 0.0, 0.0, 0.0, 0.0, 0.0, 0.0, 0.0, 0.0, 0.0, 0.0, 0.0, 0.0, 0.0, 0.0, 0.0, 0.0, 0.0, 0.0, 0.0, 0.0, 0.0, 0.0, 0.0, 0.0, 0.0, 0.0, 0.0]"
hMpxV/Brazil/RJ-UG_UFRJ_0551/2024|EPI_ISL_19434495|2024-08-09,"[0.0, 0.0, 0.9999999999999999, 0.0, 0.0, 0.0, 0.0, 0.0, 0.0, 0.0, 0.0, 0.0, 0.0, 0.0, 0.0, 0.0, 0.0, 0.0, 0.0, 0.0, 0.0, 0.0, 0.0, 0.0, 0.0, 0.0, 0.0, 0.0, 0.0, 0.0, 0.0]"
NODE_0000076,"[2.1664248302548375e-13, 2.4927562081284323e-14, 0.9999999999935038, 2.5011523265444484e-14, 3.328115031062285e-13, 2.5015548447960613e-14, 3.276612181322788e-14, 2.523600699704384e-14, 2.5344317304116773e-14, 2.4952335988796723e-14, 2.4995378689636785e-14, 2.505358329631114e-14, 2.330650960920265e-14, 2.4537569876661952e-14, 1.618602041759711e-14, 8.639874955481073e-14, 2.4016277725083315e-14, 2.5053583296277946e-14, 2.505358329628935e-14, 2.318769923146964e-14, 2.3598809845081734e-12, 2.3922246525778482e-14, 1.5411365120829075e-12, 2.5034882560772175e-14, 2.086268676001392e-14, 2.4352072933751787e-14, 2.020925752879692e-14, 2.472627807696889e-14, 2.323028050371696e-14, 1.3772417868812026e-12, 2.51894266884536e-14]"
hMpxV/Brazil/SP-IAL-357798278/2024|EPI_ISL_19359678|2024-06-04,"[0.0, 0.0, 1.0, 0.0, 0.0, 0.0, 0.0, 0.0, 0.0, 0.0, 0.0, 0.0, 0.0, 0.0, 0.0, 0.0, 0.0, 0.0, 0.0, 0.0, 0.0, 0.0, 0.0, 0.0, 0.0, 0.0, 0.0, 0.0, 0.0, 0.0, 0.0]"
hMpxV/Brazil/SP-IAL-357802143/2024|EPI_ISL_19359679|2024-06-06,"[0.0, 0.0, 1.0, 0.0, 0.0, 0.0, 0.0, 0.0, 0.0, 0.0, 0.0, 0.0, 0.0, 0.0, 0.0, 0.0, 0.0, 0.0, 0.0, 0.0, 0.0, 0.0, 0.0, 0.0, 0.0, 0.0, 0.0, 0.0, 0.0, 0.0, 0.0]"
hMpxV/Brazil/SP-IAL-357896065/2024|EPI_ISL_19359682|2024-08-13,"[0.0, 0.0, 1.0, 0.0, 0.0, 0.0, 0.0, 0.0, 0.0, 0.0, 0.0, 0.0, 0.0, 0.0, 0.0, 0.0, 0.0, 0.0, 0.0, 0.0, 0.0, 0.0, 0.0, 0.0, 0.0, 0.0, 0.0, 0.0, 0.0, 0.0, 0.0]"
NODE_0000079,"[5.334920605747869e-19, 5.140220463097914e-21, 0.9999999999999997, 4.79711670210092e-21, 1.559330999726556e-18, 5.043167528262546e-21, 8.960936317804216e-21, 5.316276917427736e-21, 5.413931993483959e-21, 5.054756671735633e-21, 5.24287316611704e-21, 4.990610706265925e-21, 4.046994629814913e-21, 5.239797342871061e-21, 2.537442121136693e-21, 1.0720699422439818e-19, 5.0438669724444e-21, 4.9906107062644475e-21, 4.990610706266138e-21, 4.369277897307849e-21, 3.65643435999717e-16, 4.045313522901831e-21, 5.013253934592611e-17, 4.896123612362297e-21, 4.6708088605622296e-21, 5.097752712215172e-21, 2.984439506512079e-21, 5.301835343956335e-21, 4.133196743699434e-21, 4.000501463129404e-17, 5.206386602369745e-21]"
hMpxV/Brazil/SP-IAL-357904928/2024|EPI_ISL_19372767|2024-08-19,"[0.0, 0.0, 0.9999999999999999, 0.0, 0.0, 0.0, 0.0, 0.0, 0.0, 0.0, 0.0, 0.0, 0.0, 0.0, 0.0, 0.0, 0.0, 0.0, 0.0, 0.0, 0.0, 0.0, 0.0, 0.0, 0.0, 0.0, 0.0, 0.0, 0.0, 0.0, 0.0]"
hMpxV/Brazil/SP-IAL-357911339/2024|EPI_ISL_19372775|2024-08-23,"[0.0, 0.0, 1.0, 0.0, 0.0, 0.0, 0.0, 0.0, 0.0, 0.0, 0.0, 0.0, 0.0, 0.0, 0.0, 0.0, 0.0, 0.0, 0.0, 0.0, 0.0, 0.0, 0.0, 0.0, 0.0, 0.0, 0.0, 0.0, 0.0, 0.0, 0.0]"
hMpxV/Brazil/SP-IAL-357979688/2024|EPI_ISL_19524878|2024-10-06,"[0.0, 0.0, 1.0, 0.0, 0.0, 0.0, 0.0, 0.0, 0.0, 0.0, 0.0, 0.0, 0.0, 0.0, 0.0, 0.0, 0.0, 0.0, 0.0, 0.0, 0.0, 0.0, 0.0, 0.0, 0.0, 0.0, 0.0, 0.0, 0.0, 0.0, 0.0]"
hMpxV/Brazil/BA-LACEN-293860175/2024|EPI_ISL_19361755|2024-08-07,"[0.0, 0.0, 1.0, 0.0, 0.0, 0.0, 0.0, 0.0, 0.0, 0.0, 0.0, 0.0, 0.0, 0.0, 0.0, 0.0, 0.0, 0.0, 0.0, 0.0, 0.0, 0.0, 0.0, 0.0, 0.0, 0.0, 0.0, 0.0, 0.0, 0.0, 0.0]"
NODE_0000084,"[7.041525573652761e-09, 1.409325875855661e-09, 0.999999861524936, 1.4229927016653374e-09, 9.356296774950886e-09, 1.4161656752185814e-09, 1.715912543490194e-09, 1.4254014361932169e-09, 1.437480921667287e-09, 1.4122818902966532e-09, 1.3983791700180496e-09, 1.412579797057388e-09, 1.3579429424219501e-09, 1.399998560780301e-09, 9.876948780809635e-10, 3.3455464257981023e-09, 1.3916043218493215e-09, 1.4125797970564875e-09, 1.4125797970568405e-09, 1.3393698034558366e-09, 3.0446348018839725e-08, 1.4030449741838814e-09, 2.6739607311663877e-08, 1.4175805521338155e-09, 1.2726055664239027e-09, 1.366507139497862e-09, 1.2231660434099414e-09, 1.3781910160931928e-09, 1.3443732387898744e-09, 2.835888350766133e-08, 1.4290976948305156e-09]"
hMpxV/Brazil/SP-IAL-357899878/2024|EPI_ISL_19372763|2024-08-15,"[0.0, 0.0, 1.0, 0.0, 0.0, 0.0, 0.0, 0.0, 0.0, 0.0, 0.0, 0.0, 0.0, 0.0, 0.0, 0.0, 0.0, 0.0, 0.0, 0.0, 0.0, 0.0, 0.0, 0.0, 0.0, 0.0, 0.0, 0.0, 0.0, 0.0, 0.0]"
hMpxV/Brazil/SP-IAL-357911479/2024|EPI_ISL_19372776|2024-08-24,"[0.0, 0.0, 0.9999999999999999, 0.0, 0.0, 0.0, 0.0, 0.0, 0.0, 0.0, 0.0, 0.0, 0.0, 0.0, 0.0, 0.0, 0.0, 0.0, 0.0, 0.0, 0.0, 0.0, 0.0, 0.0, 0.0, 0.0, 0.0, 0.0, 0.0, 0.0, 0.0]"
NODE_0000087,"[7.323838327546147e-09, 1.4979412154492588e-09, 0.9999998575050977, 1.5118225305126038e-09, 9.66987049629092e-09, 1.5049981553195513e-09, 1.8164373092101426e-09, 1.515322317216141e-09, 1.5291828599940567e-09, 1.5008358841516615e-09, 1.4849886924729574e-09, 1.5001595975776413e-09, 1.4442681800282238e-09, 1.4901999541323967e-09, 1.0540696818684292e-09, 3.509144898225643e-09, 1.483594412696343e-09, 1.5001595975766797e-09, 1.5001595975770645e-09, 1.4249098781861568e-09, 3.050632383755676e-08, 1.4926932380432922e-09, 2.6967913571585243e-08, 1.5058074483434974e-09, 1.3643294440928998e-09, 1.4517400189993134e-09, 1.3032036638894427e-09, 1.4636166480331582e-09, 1.429318810521124e-09, 2.9228461590977657e-08, 1.5195902002820156e-09]"
hMpxV/Brazil/SP-IAL-357921858/2024|EPI_ISL_19446293|2024-09-01,"[0.0, 0.0, 0.9999999999999999, 0.0, 0.0, 0.0, 0.0, 0.0, 0.0, 0.0, 0.0, 0.0, 0.0, 0.0, 0.0, 0.0, 0.0, 0.0, 0.0, 0.0, 0.0, 0.0, 0.0, 0.0, 0.0, 0.0, 0.0, 0.0, 0.0, 0.0, 0.0]"
hMpxV/Brazil/SP-IAL-357933783/2024|EPI_ISL_19446300|2024-09-08,"[0.0, 0.0, 1.0, 0.0, 0.0, 0.0, 0.0, 0.0, 0.0, 0.0, 0.0, 0.0, 0.0, 0.0, 0.0, 0.0, 0.0, 0.0, 0.0, 0.0, 0.0, 0.0, 0.0, 0.0, 0.0, 0.0, 0.0, 0.0, 0.0, 0.0, 0.0]"
NODE_0000082,"[9.347148930002664e-12, 1.162805011113493e-12, 0.9999999997384901, 1.162712387131253e-12, 1.4062840160427283e-11, 1.165196558374834e-12, 1.5031551118174395e-12, 1.1790169314131905e-12, 1.1885400443556215e-12, 1.162689714067999e-12, 1.1608363984274156e-12, 1.1628989116989592e-12, 1.0878503177567637e-12, 1.1546367194372768e-12, 7.68276854378927e-13, 3.857937597559625e-12, 1.1383345730598712e-12, 1.1628989116978683e-12, 1.1628989116983614e-12, 1.0855468480860797e-12, 8.945258829694913e-11, 1.1179626994434552e-12, 5.957214258526915e-11, 1.162804020496484e-12, 1.0253714065585344e-12, 1.1326633841055085e-12, 9.491070958439279e-13, 1.1482876453347393e-12, 1.0826303051012325e-12, 5.801220823813882e-11, 1.177656832123458e-12]"
hMpxV/Brazil/SP-IAL-357821026/2024|EPI_ISL_19359691|2024-06-18,"[0.0, 0.0, 1.0, 0.0, 0.0, 0.0, 0.0, 0.0, 0.0, 0.0, 0.0, 0.0, 0.0, 0.0, 0.0, 0.0, 0.0, 0.0, 0.0, 0.0, 0.0, 0.0, 0.0, 0.0, 0.0, 0.0, 0.0, 0.0, 0.0, 0.0, 0.0]"
hMpxV/Brazil/SP-IAL-357909129/2024|EPI_ISL_19372769|2024-08-19,"[0.0, 0.0, 1.0, 0.0, 0.0, 0.0, 0.0, 0.0, 0.0, 0.0, 0.0, 0.0, 0.0, 0.0, 0.0, 0.0, 0.0, 0.0, 0.0, 0.0, 0.0, 0.0, 0.0, 0.0, 0.0, 0.0, 0.0, 0.0, 0.0, 0.0, 0.0]"
NODE_0000083,"[1.5840887869221753e-08, 3.2259046652948735e-09, 0.9999996908562386, 3.2543734543980913e-09, 2.0953291432406077e-08, 3.240335389459194e-09, 3.9127233403808676e-09, 3.2639677899843036e-09, 3.294610522438886e-09, 3.2318027056187347e-09, 3.1975156829569677e-09, 3.2294592586008155e-09, 3.108424616093956e-09, 3.2113508159984596e-09, 2.2698945404481667e-09, 7.585434188243064e-09, 3.1974933530617293e-09, 3.22945925859879e-09, 3.2294592585995635e-09, 3.0682707785118416e-09, 6.657062414462086e-08, 3.2125589341790954e-09, 5.871028277241534e-08, 3.241341418012136e-09, 2.950344182681955e-09, 3.1256781179219596e-09, 2.8037084809259186e-09, 3.1512820652191544e-09, 3.076280498383067e-09, 6.348408975520235e-08, 3.272912084007258e-09]"
hMpxV/Brazil/SP-IAL-357899889/2024|EPI_ISL_19372764|2024-08-15,"[0.0, 0.0, 1.0, 0.0, 0.0, 0.0, 0.0, 0.0, 0.0, 0.0, 0.0, 0.0, 0.0, 0.0, 0.0, 0.0, 0.0, 0.0, 0.0, 0.0, 0.0, 0.0, 0.0, 0.0, 0.0, 0.0, 0.0, 0.0, 0.0, 0.0, 0.0]"
hMpxV/Brazil/SP-IAL-357929674/2024|EPI_ISL_19446297|2024-09-04,"[0.0, 0.0, 1.0, 0.0, 0.0, 0.0, 0.0, 0.0, 0.0, 0.0, 0.0, 0.0, 0.0, 0.0, 0.0, 0.0, 0.0, 0.0, 0.0, 0.0, 0.0, 0.0, 0.0, 0.0, 0.0, 0.0, 0.0, 0.0, 0.0, 0.0, 0.0]"
NODE_0000085,"[2.864472980700777e-17, 7.239105786273068e-19, 0.9999999999999942, 7.068896633121594e-19, 6.554932710570999e-17, 7.209184670357326e-19, 1.158431515055953e-18, 7.377216591336011e-19, 7.378481363947828e-19, 7.204158359135172e-19, 7.421183447694486e-19, 7.253972110374545e-19, 6.180127656934489e-19, 7.07131483576391e-19, 3.8713460383846224e-19, 7.229106035070019e-18, 6.70747880396231e-19, 7.253972110372867e-19, 7.253972110374546e-19, 6.358287403316122e-19, 3.940657396528188e-15, 6.234211148429781e-19, 1.093609497740254e-15, 7.163803124371143e-19, 5.434468354769691e-19, 7.184863273807646e-19, 4.834359267369452e-19, 7.421095631127492e-19, 6.266862146755446e-19, 6.904662717414283e-16, 7.274712248139256e-19]"
hMpxV/Brazil/SP-IAL-357980969/2024|EPI_ISL_19524874|2024-09-30,"[0.0, 0.0, 1.0, 0.0, 0.0, 0.0, 0.0, 0.0, 0.0, 0.0, 0.0, 0.0, 0.0, 0.0, 0.0, 0.0, 0.0, 0.0, 0.0, 0.0, 0.0, 0.0, 0.0, 0.0, 0.0, 0.0, 0.0, 0.0, 0.0, 0.0, 0.0]"
hMpxV/Brazil/SP-IAL-357928627/2024|EPI_ISL_19446296|2024-09-04,"[0.0, 0.0, 0.9999999999999999, 0.0, 0.0, 0.0, 0.0, 0.0, 0.0, 0.0, 0.0, 0.0, 0.0, 0.0, 0.0, 0.0, 0.0, 0.0, 0.0, 0.0, 0.0, 0.0, 0.0, 0.0, 0.0, 0.0, 0.0, 0.0, 0.0, 0.0, 0.0]"
hMpxV/Brazil/SP-IAL-357934564/2024|EPI_ISL_19446301|2024-09-09,"[0.0, 0.0, 1.0, 0.0, 0.0, 0.0, 0.0, 0.0, 0.0, 0.0, 0.0, 0.0, 0.0, 0.0, 0.0, 0.0, 0.0, 0.0, 0.0, 0.0, 0.0, 0.0, 0.0, 0.0, 0.0, 0.0, 0.0, 0.0, 0.0, 0.0, 0.0]"
hMpxV/Brazil/SP-IAL-357941922/2024|EPI_ISL_19446305|2024-09-11,"[0.0, 0.0, 1.0, 0.0, 0.0, 0.0, 0.0, 0.0, 0.0, 0.0, 0.0, 0.0, 0.0, 0.0, 0.0, 0.0, 0.0, 0.0, 0.0, 0.0, 0.0, 0.0, 0.0, 0.0, 0.0, 0.0, 0.0, 0.0, 0.0, 0.0, 0.0]"
hMpxV/Brazil/SP-IAL-357944650/2024|EPI_ISL_19446308|2024-09-15,"[0.0, 0.0, 1.0, 0.0, 0.0, 0.0, 0.0, 0.0, 0.0, 0.0, 0.0, 0.0, 0.0, 0.0, 0.0, 0.0, 0.0, 0.0, 0.0, 0.0, 0.0, 0.0, 0.0, 0.0, 0.0, 0.0, 0.0, 0.0, 0.0, 0.0, 0.0]"
NODE_0000086,"[4.333823585367135e-08, 8.443903696280654e-09, 0.9999991361223598, 8.532313642082437e-09, 5.8025675624190634e-08, 8.487347201728516e-09, 1.0335356702299487e-08, 8.537273076976253e-09, 8.601056565502544e-09, 8.46386776180061e-09, 8.388807315890224e-09, 8.474166766714747e-09, 8.131199587856185e-09, 8.36930877088374e-09, 5.885963695017454e-09, 2.036630731368703e-08, 8.30122311006653e-09, 8.47416676671439e-09, 8.474166766714784e-09, 8.01526389004518e-09, 1.961446088094181e-07, 8.397952212464852e-09, 1.70973608440151e-07, 8.501929692561853e-09, 7.524941111565263e-09, 8.193344284497186e-09, 7.3083363897938036e-09, 8.267394226323761e-09, 8.053790858905963e-09, 1.7630898884637512e-07, 8.557141287619286e-09]"
hMpxV/Brazil/SP-IAL-357996884/2024|EPI_ISL_19524880|2024-10-18,"[0.0, 0.0, 0.9999999999999999, 0.0, 0.0, 0.0, 0.0, 0.0, 0.0, 0.0, 0.0, 0.0, 0.0, 0.0, 0.0, 0.0, 0.0, 0.0, 0.0, 0.0, 0.0, 0.0, 0.0, 0.0, 0.0, 0.0, 0.0, 0.0, 0.0, 0.0, 0.0]"
hMpxV/Brazil/SP-IAL-357994370/2024|EPI_ISL_19524885|2024-10-16,"[0.0, 0.0, 1.0, 0.0, 0.0, 0.0, 0.0, 0.0, 0.0, 0.0, 0.0, 0.0, 0.0, 0.0, 0.0, 0.0, 0.0, 0.0, 0.0, 0.0, 0.0, 0.0, 0.0, 0.0, 0.0, 0.0, 0.0, 0.0, 0.0, 0.0, 0.0]"
NODE_0000080,"[6.493036005951368e-19, 1.2930521239362825e-20, 0.9999999999999799, 7.656983158665274e-21, 4.75008458631889e-18, 9.679454847441255e-21, 1.7995027612743014e-20, 8.16036134640996e-21, 8.162140539262302e-21, 7.905702239303509e-21, 8.26010296234305e-21, 7.951643333723952e-21, 6.503877500964717e-21, 1.0300315769639028e-20, 5.2253560248709034e-21, 5.552315536177024e-19, 7.80400631036183e-21, 7.951643333722604e-21, 7.951643333723888e-21, 9.029457683843381e-21, 1.9769816694246745e-14, 6.5048132709242246e-21, 4.591330339117621e-17, 7.806859028067537e-21, 5.921389718688284e-21, 8.074330431926266e-21, 4.962401166298336e-21, 8.398688364684188e-21, 6.676999071090076e-21, 1.1224391001565e-16, 7.998732964848765e-21]"
hMpxV/Brazil/RJ-UG_UFRJ_0554/2024|EPI_ISL_19434498|2024-08-21,"[0.0, 0.0, 1.0, 0.0, 0.0, 0.0, 0.0, 0.0, 0.0, 0.0, 0.0, 0.0, 0.0, 0.0, 0.0, 0.0, 0.0, 0.0, 0.0, 0.0, 0.0, 0.0, 0.0, 0.0, 0.0, 0.0, 0.0, 0.0, 0.0, 0.0, 0.0]"
hMpxV/Brazil/SP-IAL-357897410/2024|EPI_ISL_19372760|2024-08-13,"[0.0, 0.0, 0.9999999999999999, 0.0, 0.0, 0.0, 0.0, 0.0, 0.0, 0.0, 0.0, 0.0, 0.0, 0.0, 0.0, 0.0, 0.0, 0.0, 0.0, 0.0, 0.0, 0.0, 0.0, 0.0, 0.0, 0.0, 0.0, 0.0, 0.0, 0.0, 0.0]"
hMpxV/Brazil/SP-IAL-357901450/2024|EPI_ISL_19372766|2024-08-18,"[0.0, 0.0, 0.9999999999999999, 0.0, 0.0, 0.0, 0.0, 0.0, 0.0, 0.0, 0.0, 0.0, 0.0, 0.0, 0.0, 0.0, 0.0, 0.0, 0.0, 0.0, 0.0, 0.0, 0.0, 0.0, 0.0, 0.0, 0.0, 0.0, 0.0, 0.0, 0.0]"
hMpxV/Peru/LIM-INS-579/2024|EPI_ISL_19564180|2024-10-07,"[0.0, 0.0, 0.0, 0.0, 0.0, 0.0, 0.0, 0.0, 0.0, 0.0, 0.0, 0.0, 0.0, 0.0, 0.0, 0.0, 0.0, 0.0, 0.0, 0.0, 1.0, 0.0, 0.0, 0.0, 0.0, 0.0, 0.0, 0.0, 0.0, 0.0, 0.0]"
hMpxV/Brazil/SP-IAL-357981061/2024|EPI_ISL_19524872|2024-10-06,"[0.0, 0.0, 0.9999999999999999, 0.0, 0.0, 0.0, 0.0, 0.0, 0.0, 0.0, 0.0, 0.0, 0.0, 0.0, 0.0, 0.0, 0.0, 0.0, 0.0, 0.0, 0.0, 0.0, 0.0, 0.0, 0.0, 0.0, 0.0, 0.0, 0.0, 0.0, 0.0]"
hMpxV/Brazil/SP-IAL-357938508/2024|EPI_ISL_19446303|2024-09-10,"[0.0, 0.0, 1.0, 0.0, 0.0, 0.0, 0.0, 0.0, 0.0, 0.0, 0.0, 0.0, 0.0, 0.0, 0.0, 0.0, 0.0, 0.0, 0.0, 0.0, 0.0, 0.0, 0.0, 0.0, 0.0, 0.0, 0.0, 0.0, 0.0, 0.0, 0.0]"
hMpxV/Brazil/SP-IAL-357949045/2024|EPI_ISL_19446312|2024-09-17,"[0.0, 0.0, 1.0, 0.0, 0.0, 0.0, 0.0, 0.0, 0.0, 0.0, 0.0, 0.0, 0.0, 0.0, 0.0, 0.0, 0.0, 0.0, 0.0, 0.0, 0.0, 0.0, 0.0, 0.0, 0.0, 0.0, 0.0, 0.0, 0.0, 0.0, 0.0]"
NODE_0000081,"[5.069754533296902e-12, 5.494933877869425e-13, 0.9999999998388714, 5.522613410017765e-13, 7.92160593664758e-12, 5.517779954469464e-13, 7.308031909250081e-13, 5.558774031691153e-13, 5.570479009412271e-13, 5.503593432157346e-13, 5.525053433021108e-13, 5.538096689312411e-13, 5.130612938699793e-13, 5.38260539438871e-13, 3.525601555129065e-13, 1.9733442067785716e-12, 5.243296847329166e-13, 5.538096689311256e-13, 5.538096689312106e-13, 5.097977640115825e-13, 6.112468448249719e-11, 5.261600566979498e-13, 3.925380262487805e-11, 5.530722876624531e-13, 4.4682977779959465e-13, 5.376622570396962e-13, 4.427397069374402e-13, 5.465080083877206e-13, 5.119216442310547e-13, 3.296640235271075e-11, 5.545241267272105e-13]"
hMpxV/Brazil/SP-IAL-357890330/2024|EPI_ISL_19372759|2024-08-07,"[0.0, 0.0, 1.0, 0.0, 0.0, 0.0, 0.0, 0.0, 0.0, 0.0, 0.0, 0.0, 0.0, 0.0, 0.0, 0.0, 0.0, 0.0, 0.0, 0.0, 0.0, 0.0, 0.0, 0.0, 0.0, 0.0, 0.0, 0.0, 0.0, 0.0, 0.0]"
hMpxV/Brazil/SP-IAL-357903502/2024|EPI_ISL_19372771|2024-08-19,"[0.0, 0.0, 0.9999999999999999, 0.0, 0.0, 0.0, 0.0, 0.0, 0.0, 0.0, 0.0, 0.0, 0.0, 0.0, 0.0, 0.0, 0.0, 0.0, 0.0, 0.0, 0.0, 0.0, 0.0, 0.0, 0.0, 0.0, 0.0, 0.0, 0.0, 0.0, 0.0]"
hMpxV/Brazil/SP-IAL-357909240/2024|EPI_ISL_19372773|2024-08-21,"[0.0, 0.0, 1.0, 0.0, 0.0, 0.0, 0.0, 0.0, 0.0, 0.0, 0.0, 0.0, 0.0, 0.0, 0.0, 0.0, 0.0, 0.0, 0.0, 0.0, 0.0, 0.0, 0.0, 0.0, 0.0, 0.0, 0.0, 0.0, 0.0, 0.0, 0.0]"
NODE_0000015,"[5.472255687385646e-17, 6.029959902364377e-17, 1.9212754396603835e-15, 6.203296686197397e-17, 4.916238769152342e-17, 6.113226558634129e-17, 6.161359005322197e-17, 1.3237356906305068e-15, 2.1262583404161373e-10, 3.446644591112604e-16, 2.1179464246853e-16, 6.21483673141452e-17, 5.221930018059868e-17, 3.3643209982137582e-15, 2.7458890744964266e-16, 2.83096080887307e-17, 1.1230350420388752e-14, 6.214836731413771e-17, 6.214836731403161e-17, 1.8728596961744126e-16, 8.331582771855272e-17, 5.58518734736592e-17, 0.9768179494089195, 2.4433008664047545e-16, 0.023182050378429825, 5.70118324935107e-17, 1.3985237149706215e-16, 6.053161772366551e-17, 5.162950087051224e-17, 1.3562433998073775e-16, 4.738921899015972e-15]"
hMpxV/China/SZ-CDC/Strain178,"[0.0, 0.0, 0.0, 0.0, 0.0, 0.0, 0.0, 0.0, 0.0, 0.0, 0.0, 0.0, 0.0, 0.0, 0.0, 0.0, 0.0, 0.0, 0.0, 0.0, 0.0, 0.0, 0.0, 0.0, 1.0, 0.0, 0.0, 0.0, 0.0, 0.0, 0.0]"
hMpxV/Portugal/INSA-PT0629/2023|EPI_ISL_18044983|2023-06-20,"[0.0, 0.0, 0.0, 0.0, 0.0, 0.0, 0.0, 0.0, 0.0, 0.0, 0.0, 0.0, 0.0, 0.0, 0.0, 0.0, 0.0, 0.0, 0.0, 0.0, 0.0, 0.0, 1.0, 0.0, 0.0, 0.0, 0.0, 0.0, 0.0, 0.0, 0.0]"
hMpxV/China/GZ-GCDC_M011/2023|EPI_ISL_19058867|2023-06-07,"[0.0, 0.0, 0.0, 0.0, 0.0, 0.0, 0.0, 0.0, 1.0, 0.0, 0.0, 0.0, 0.0, 0.0, 0.0, 0.0, 0.0, 0.0, 0.0, 0.0, 0.0, 0.0, 0.0, 0.0, 0.0, 0.0, 0.0, 0.0, 0.0, 0.0, 0.0]"
hMpxV/Portugal/INSA-PT0691/2023|EPI_ISL_18553837|2023-07-15,"[0.0, 0.0, 0.0, 0.0, 0.0, 0.0, 0.0, 0.0, 0.0, 0.0, 0.0, 0.0, 0.0, 0.0, 0.0, 0.0, 0.0, 0.0, 0.0, 0.0, 0.0, 0.0, 1.0, 0.0, 0.0, 0.0, 0.0, 0.0, 0.0, 0.0, 0.0]"
hMpxV/Portugal/INSA-PT0660/2023|EPI_ISL_18228621|2023-07-26,"[0.0, 0.0, 0.0, 0.0, 0.0, 0.0, 0.0, 0.0, 0.0, 0.0, 0.0, 0.0, 0.0, 0.0, 0.0, 0.0, 0.0, 0.0, 0.0, 0.0, 0.0, 0.0, 1.0, 0.0, 0.0, 0.0, 0.0, 0.0, 0.0, 0.0, 0.0]"
NODE_0000033,"[4.017453050143671e-07, 2.77191465411208e-07, 2.6507098480108284e-07, 2.866182306008983e-07, 2.4473482547537837e-07, 2.806350748270345e-07, 2.766571794392304e-07, 4.1880958561054135e-07, 1.0386442970060065e-06, 3.3825030741581954e-07, 3.1516143978514385e-07, 2.800235567914308e-07, 2.7574234633643666e-07, 4.4672851958173345e-07, 4.3032410861359377e-07, 1.8664884123568917e-07, 9.237896888028538e-07, 2.800235567912572e-07, 2.8002355679106215e-07, 3.0302680540504256e-07, 8.895330554199053e-08, 2.920193235505334e-07, 0.00010136974864613865, 6.199018637043528e-07, 0.9998876195300229, 2.6277694758668214e-07, 5.356177550807458e-07, 2.6622063903754807e-07, 2.687562099474213e-07, 2.2829098227119505e-07, 8.98334628691956e-07]"
hMpxV/China/SZ-CDC/Strain087,"[0.0, 0.0, 0.0, 0.0, 0.0, 0.0, 0.0, 0.0, 0.0, 0.0, 0.0, 0.0, 0.0, 0.0, 0.0, 0.0, 0.0, 0.0, 0.0, 0.0, 0.0, 0.0, 0.0, 0.0, 1.0, 0.0, 0.0, 0.0, 0.0, 0.0, 0.0]"
hMpxV/China/SZ-CDC/Strain122,"[0.0, 0.0, 0.0, 0.0, 0.0, 0.0, 0.0, 0.0, 0.0, 0.0, 0.0, 0.0, 0.0, 0.0, 0.0, 0.0, 0.0, 0.0, 0.0, 0.0, 0.0, 0.0, 0.0, 0.0, 1.0, 0.0, 0.0, 0.0, 0.0, 0.0, 0.0]"
NODE_0000016,"[5.927730367061302e-09, 4.81177256536578e-09, 4.8166880275120404e-09, 4.997751329110992e-09, 3.981676404147114e-09, 4.888403182000239e-09, 4.837206778176116e-09, 1.0696900874918454e-08, 3.392384618171924e-05, 7.3856884379841675e-09, 6.555143470445328e-09, 4.909344580885357e-09, 4.5331461707380915e-09, 1.211761800252696e-08, 8.910296194648448e-09, 2.6791347744556265e-09, 3.1735558137963494e-08, 4.909344580884862e-09, 4.909344580879978e-09, 5.9578503344083715e-09, 1.5610914972677274e-09, 4.8912541809822464e-09, 0.013235715025643495, 1.400534278785165e-08, 0.986730145188073, 4.525116712055106e-09, 1.0158351318753409e-08, 4.621307237271373e-09, 4.444303691165122e-09, 2.5863181374744205e-09, 2.9586417358788196e-08]"
hMpxV/China/SZ-CDC/Strain177,"[0.0, 0.0, 0.0, 0.0, 0.0, 0.0, 0.0, 0.0, 0.0, 0.0, 0.0, 0.0, 0.0, 0.0, 0.0, 0.0, 0.0, 0.0, 0.0, 0.0, 0.0, 0.0, 0.0, 0.0, 1.0, 0.0, 0.0, 0.0, 0.0, 0.0, 0.0]"
NODE_0000028,"[1.5475971028587812e-07, 1.4667069919890943e-07, 1.3546311595528672e-07, 1.5241077322196366e-07, 1.2474458617759579e-07, 1.4891131281436402e-07, 1.4659015700742062e-07, 2.3698107491399794e-07, 0.0005328545480963247, 1.8816558924427552e-07, 1.720847200286625e-07, 1.4878767251542227e-07, 1.4314222301387245e-07, 2.6069492920109634e-07, 1.8078946590763062e-07, 9.037669367338906e-08, 4.418057721215299e-07, 1.4878767251534363e-07, 1.4878767251522465e-07, 1.6357956555703774e-07, 4.41340468906722e-08, 1.5366439520560684e-07, 0.012230609056588725, 2.8173223993354285e-07, 0.9872315758971018, 1.3812934851341607e-07, 2.2810334872977723e-07, 1.3952952825086867e-07, 1.3955830708310398e-07, 8.403921077928878e-08, 4.1807438171046137e-07]"
hMpxV/China/SZ-CDC/Strain005,"[0.0, 0.0, 0.0, 0.0, 0.0, 0.0, 0.0, 0.0, 0.0, 0.0, 0.0, 0.0, 0.0, 0.0, 0.0, 0.0, 0.0, 0.0, 0.0, 0.0, 0.0, 0.0, 0.0, 0.0, 1.0, 0.0, 0.0, 0.0, 0.0, 0.0, 0.0]"
hMpxV/China/GZ-GCDC_M021/2023|EPI_ISL_19058870|2023-06-11,"[0.0, 0.0, 0.0, 0.0, 0.0, 0.0, 0.0, 0.0, 1.0, 0.0, 0.0, 0.0, 0.0, 0.0, 0.0, 0.0, 0.0, 0.0, 0.0, 0.0, 0.0, 0.0, 0.0, 0.0, 0.0, 0.0, 0.0, 0.0, 0.0, 0.0, 0.0]"
NODE_0000017,"[3.921486373499299e-14, 1.7658377914570475e-14, 7.498137144418103e-15, 1.8420841539453558e-14, 1.360052024713841e-14, 1.7991874257219105e-14, 1.793641131230237e-14, 3.744955865528274e-14, 1.6218044456639885e-12, 2.4718544964917905e-14, 2.332435858468983e-14, 1.8243469994201576e-14, 1.5588965796960926e-14, 3.781228871380643e-14, 6.10289891348541e-14, 7.700682264526968e-15, 2.461242388325747e-13, 1.8243469994200992e-14, 1.8243469994201244e-14, 1.880153125678928e-14, 3.581098168209854e-15, 1.714586535179279e-14, 1.8384918525748441e-07, 7.91545127957805e-11, 0.9999998160689227, 1.643141630640063e-14, 9.218156424393154e-14, 1.7159941679487345e-14, 1.5410469768406756e-14, 3.749562941404505e-15, 2.905267577940818e-13]"
hMpxV/China/SZ-CDC/Strain016,"[0.0, 0.0, 0.0, 0.0, 0.0, 0.0, 0.0, 0.0, 0.0, 0.0, 0.0, 0.0, 0.0, 0.0, 0.0, 0.0, 0.0, 0.0, 0.0, 0.0, 0.0, 0.0, 0.0, 0.0, 1.0, 0.0, 0.0, 0.0, 0.0, 0.0, 0.0]"
hMpxV/China/SZ-CDC/Strain052,"[0.0, 0.0, 0.0, 0.0, 0.0, 0.0, 0.0, 0.0, 0.0, 0.0, 0.0, 0.0, 0.0, 0.0, 0.0, 0.0, 0.0, 0.0, 0.0, 0.0, 0.0, 0.0, 0.0, 0.0, 1.0, 0.0, 0.0, 0.0, 0.0, 0.0, 0.0]"
hMpxV/China/SZ-CDC/Strain054,"[0.0, 0.0, 0.0, 0.0, 0.0, 0.0, 0.0, 0.0, 0.0, 0.0, 0.0, 0.0, 0.0, 0.0, 0.0, 0.0, 0.0, 0.0, 0.0, 0.0, 0.0, 0.0, 0.0, 0.0, 1.0, 0.0, 0.0, 0.0, 0.0, 0.0, 0.0]"
hMpxV/China/SZ-CDC/Strain166,"[0.0, 0.0, 0.0, 0.0, 0.0, 0.0, 0.0, 0.0, 0.0, 0.0, 0.0, 0.0, 0.0, 0.0, 0.0, 0.0, 0.0, 0.0, 0.0, 0.0, 0.0, 0.0, 0.0, 0.0, 1.0, 0.0, 0.0, 0.0, 0.0, 0.0, 0.0]"
hMpxV/China/SZ-CDC/Strain172,"[0.0, 0.0, 0.0, 0.0, 0.0, 0.0, 0.0, 0.0, 0.0, 0.0, 0.0, 0.0, 0.0, 0.0, 0.0, 0.0, 0.0, 0.0, 0.0, 0.0, 0.0, 0.0, 0.0, 0.0, 1.0, 0.0, 0.0, 0.0, 0.0, 0.0, 0.0]"
hMpxV/China/SZ-SZTH41/2023|EPI_ISL_18213375|2023-06-19,"[0.0, 0.0, 0.0, 0.0, 0.0, 0.0, 0.0, 0.0, 0.0, 0.0, 0.0, 0.0, 0.0, 0.0, 0.0, 0.0, 0.0, 0.0, 0.0, 0.0, 0.0, 0.0, 0.0, 1.0, 0.0, 0.0, 0.0, 0.0, 0.0, 0.0, 0.0]"
NODE_0000027,"[7.008056088185222e-08, 3.911737574098296e-08, 1.7370818815922402e-08, 4.0574376412574116e-08, 3.3510297985459954e-08, 3.967298652735891e-08, 3.908625553292326e-08, 4.414890109107346e-08, 1.3197015510346398e-07, 4.001132599009828e-08, 3.977498434865098e-08, 3.965381138331416e-08, 3.8370604625584554e-08, 4.00754070483379e-08, 6.826793933789203e-08, 2.4686176256902532e-08, 1.1004336500468585e-07, 3.9653811383311004e-08, 3.96538113833055e-08, 3.6923525366468955e-08, 9.183523567798962e-09, 4.1048633551965736e-08, 4.661373400028162e-06, 1.1906936653500117e-07, 0.9999938385171034, 3.694299919129412e-08, 9.795682075839094e-08, 3.734393498839909e-08, 3.7533308068004253e-08, 1.991438473999756e-08, 1.2847003520145745e-07]"
hMpxV/China/SZ-CDC/Strain187,"[0.0, 0.0, 0.0, 0.0, 0.0, 0.0, 0.0, 0.0, 0.0, 0.0, 0.0, 0.0, 0.0, 0.0, 0.0, 0.0, 0.0, 0.0, 0.0, 0.0, 0.0, 0.0, 0.0, 0.0, 1.0, 0.0, 0.0, 0.0, 0.0, 0.0, 0.0]"
hMpxV/China/SZ-CDC/Strain192,"[0.0, 0.0, 0.0, 0.0, 0.0, 0.0, 0.0, 0.0, 0.0, 0.0, 0.0, 0.0, 0.0, 0.0, 0.0, 0.0, 0.0, 0.0, 0.0, 0.0, 0.0, 0.0, 0.0, 0.0, 1.0, 0.0, 0.0, 0.0, 0.0, 0.0, 0.0]"
NODE_0000034,"[1.3129615462009512e-37, 6.327041559983242e-37, 5.34358861743999e-31, 6.296550093547214e-37, 5.6082556466926606e-37, 6.344234168041861e-37, 6.589923411854943e-37, 4.2988224984602375e-33, 1.0906827732082892e-31, 1.1143593452262038e-34, 2.49448311901662e-35, 6.533714443360881e-37, 5.10745373673478e-37, 9.65456110368635e-32, 1.2402765505466953e-35, 3.183040961203815e-37, 1.6043029000265054e-31, 6.533714443359563e-37, 6.533714443352966e-37, 2.601887345828023e-35, 8.784149356116049e-35, 5.119167542481031e-37, 1.0, 9.164801474331419e-37, 2.6368295527682108e-24, 6.219120320612563e-37, 4.564868712815647e-37, 6.95019979577804e-37, 5.0881275269577236e-37, 4.194158762336438e-34, 5.4041228559633286e-33]"
hMpxV/Portugal/INSA-PT0769/2023|EPI_ISL_18702222|2023-10-12,"[0.0, 0.0, 0.0, 0.0, 0.0, 0.0, 0.0, 0.0, 0.0, 0.0, 0.0, 0.0, 0.0, 0.0, 0.0, 0.0, 0.0, 0.0, 0.0, 0.0, 0.0, 0.0, 0.9999999999999999, 0.0, 0.0, 0.0, 0.0, 0.0, 0.0, 0.0, 0.0]"
hMpxV/Portugal/INSA-PT0774/2023|EPI_ISL_18702226|2023-10-18,"[0.0, 0.0, 0.0, 0.0, 0.0, 0.0, 0.0, 0.0, 0.0, 0.0, 0.0, 0.0, 0.0, 0.0, 0.0, 0.0, 0.0, 0.0, 0.0, 0.0, 0.0, 0.0, 1.0, 0.0, 0.0, 0.0, 0.0, 0.0, 0.0, 0.0, 0.0]"
hMpxV/Portugal/INSA-PT0748/2023|EPI_ISL_18702230|2023-09-29,"[0.0, 0.0, 0.0, 0.0, 0.0, 0.0, 0.0, 0.0, 0.0, 0.0, 0.0, 0.0, 0.0, 0.0, 0.0, 0.0, 0.0, 0.0, 0.0, 0.0, 0.0, 0.0, 1.0, 0.0, 0.0, 0.0, 0.0, 0.0, 0.0, 0.0, 0.0]"
hMpxV/Portugal/INSA-PT0738/2023|EPI_ISL_18702236|2023-09-22,"[0.0, 0.0, 0.0, 0.0, 0.0, 0.0, 0.0, 0.0, 0.0, 0.0, 0.0, 0.0, 0.0, 0.0, 0.0, 0.0, 0.0, 0.0, 0.0, 0.0, 0.0, 0.0, 1.0, 0.0, 0.0, 0.0, 0.0, 0.0, 0.0, 0.0, 0.0]"
hMpxV/Portugal/INSA-PT0759/2023|EPI_ISL_18702238|2023-10-10,"[0.0, 0.0, 0.0, 0.0, 0.0, 0.0, 0.0, 0.0, 0.0, 0.0, 0.0, 0.0, 0.0, 0.0, 0.0, 0.0, 0.0, 0.0, 0.0, 0.0, 0.0, 0.0, 1.0, 0.0, 0.0, 0.0, 0.0, 0.0, 0.0, 0.0, 0.0]"
hMpxV/Portugal/INSA-PT0784/2023|EPI_ISL_18702240|2023-11-01,"[0.0, 0.0, 0.0, 0.0, 0.0, 0.0, 0.0, 0.0, 0.0, 0.0, 0.0, 0.0, 0.0, 0.0, 0.0, 0.0, 0.0, 0.0, 0.0, 0.0, 0.0, 0.0, 1.0, 0.0, 0.0, 0.0, 0.0, 0.0, 0.0, 0.0, 0.0]"
hMpxV/Portugal/INSA-PT0754/2023|EPI_ISL_18702244|2023-10-04,"[0.0, 0.0, 0.0, 0.0, 0.0, 0.0, 0.0, 0.0, 0.0, 0.0, 0.0, 0.0, 0.0, 0.0, 0.0, 0.0, 0.0, 0.0, 0.0, 0.0, 0.0, 0.0, 1.0, 0.0, 0.0, 0.0, 0.0, 0.0, 0.0, 0.0, 0.0]"
hMpxV/Portugal/INSA-PT0752/2023|EPI_ISL_18702247|2023-10-03,"[0.0, 0.0, 0.0, 0.0, 0.0, 0.0, 0.0, 0.0, 0.0, 0.0, 0.0, 0.0, 0.0, 0.0, 0.0, 0.0, 0.0, 0.0, 0.0, 0.0, 0.0, 0.0, 1.0, 0.0, 0.0, 0.0, 0.0, 0.0, 0.0, 0.0, 0.0]"
hMpxV/Portugal/INSA-PT0776/2023|EPI_ISL_18702249|2023-10-20,"[0.0, 0.0, 0.0, 0.0, 0.0, 0.0, 0.0, 0.0, 0.0, 0.0, 0.0, 0.0, 0.0, 0.0, 0.0, 0.0, 0.0, 0.0, 0.0, 0.0, 0.0, 0.0, 1.0, 0.0, 0.0, 0.0, 0.0, 0.0, 0.0, 0.0, 0.0]"
hMpxV/Portugal/INSA-PT0736/2023|EPI_ISL_18702255|2023-09-19,"[0.0, 0.0, 0.0, 0.0, 0.0, 0.0, 0.0, 0.0, 0.0, 0.0, 0.0, 0.0, 0.0, 0.0, 0.0, 0.0, 0.0, 0.0, 0.0, 0.0, 0.0, 0.0, 1.0, 0.0, 0.0, 0.0, 0.0, 0.0, 0.0, 0.0, 0.0]"
hMpxV/Portugal/INSA-PT0727/2023|EPI_ISL_18553826|2023-09-12,"[0.0, 0.0, 0.0, 0.0, 0.0, 0.0, 0.0, 0.0, 0.0, 0.0, 0.0, 0.0, 0.0, 0.0, 0.0, 0.0, 0.0, 0.0, 0.0, 0.0, 0.0, 0.0, 1.0, 0.0, 0.0, 0.0, 0.0, 0.0, 0.0, 0.0, 0.0]"
hMpxV/Portugal/INSA-PT0724/2023|EPI_ISL_18553813|2023-09-08,"[0.0, 0.0, 0.0, 0.0, 0.0, 0.0, 0.0, 0.0, 0.0, 0.0, 0.0, 0.0, 0.0, 0.0, 0.0, 0.0, 0.0, 0.0, 0.0, 0.0, 0.0, 0.0, 1.0, 0.0, 0.0, 0.0, 0.0, 0.0, 0.0, 0.0, 0.0]"
NODE_0000035,"[0.000657591230825777, 0.0006152579873282148, 0.0005738672132828457, 0.0006371380983518617, 0.0005448427611350453, 0.0006228081377026122, 0.0006128076633909851, 0.0008435118589916158, 0.0014293630081919986, 0.0007208940802243024, 0.000671242312063184, 0.0006207083396512058, 0.0007880778005478209, 0.0013655124177810176, 0.0006769749392748798, 0.000424314340177265, 0.02109891979355349, 0.0006207083396511937, 0.0006207083396511708, 0.0006586851877029473, 0.00020072623528695932, 0.0006613547835182229, 0.03696335839257743, 0.0009541470346211725, 0.9216871743236946, 0.0005829160878984314, 0.000848729465822702, 0.0007399602125062173, 0.0006023096397391291, 0.0006841864844897247, 0.0012712034903658285]"
hMpxV/China/SZ-CDC/Strain123,"[0.0, 0.0, 0.0, 0.0, 0.0, 0.0, 0.0, 0.0, 0.0, 0.0, 0.0, 0.0, 0.0, 0.0, 0.0, 0.0, 0.0, 0.0, 0.0, 0.0, 0.0, 0.0, 0.0, 0.0, 1.0, 0.0, 0.0, 0.0, 0.0, 0.0, 0.0]"
hMpxV/Netherlands/un-EMC-NL110/2024|EPI_ISL_19470168|2024-08-07,"[0.0, 0.0, 0.0, 0.0, 0.0, 0.0, 0.0, 0.0, 0.0, 0.0, 0.0, 0.0, 0.0, 0.0, 0.0, 0.0, 1.0, 0.0, 0.0, 0.0, 0.0, 0.0, 0.0, 0.0, 0.0, 0.0, 0.0, 0.0, 0.0, 0.0, 0.0]"
NODE_0000042,"[7.265736720699053e-12, 1.1166347751082146e-11, 4.1825774760273723e-10, 1.1429478793939029e-11, 1.0152748538904528e-11, 1.126723187773293e-11, 1.118523396796607e-11, 1.2105124756750984e-10, 2.7643925840416934e-10, 4.556001079302497e-11, 2.947064582939386e-11, 1.1268190643981073e-11, 1.0949217869724694e-11, 2.7852217631422224e-10, 2.176442593668784e-11, 7.975429324088058e-12, 2.982404092108314e-10, 1.1268190643979488e-11, 1.1268190643969631e-11, 3.0943401255863647e-11, 1.9189106483612174e-11, 1.140106399070811e-11, 0.9999999846692927, 1.1714763879655187e-11, 1.3415556100295115e-08, 1.073120959571471e-11, 1.009705759432344e-11, 1.0918334817220575e-11, 1.074167365709878e-11, 7.152319917396342e-11, 1.2338940254333178e-10]"
hMpxV/Portugal/INSA-PT0814/2024|EPI_ISL_18993959|2024-01-15,"[0.0, 0.0, 0.0, 0.0, 0.0, 0.0, 0.0, 0.0, 0.0, 0.0, 0.0, 0.0, 0.0, 0.0, 0.0, 0.0, 0.0, 0.0, 0.0, 0.0, 0.0, 0.0, 1.0, 0.0, 0.0, 0.0, 0.0, 0.0, 0.0, 0.0, 0.0]"
hMpxV/Portugal/INSA-PT0807/2023|EPI_ISL_18993961|2023-12-27,"[0.0, 0.0, 0.0, 0.0, 0.0, 0.0, 0.0, 0.0, 0.0, 0.0, 0.0, 0.0, 0.0, 0.0, 0.0, 0.0, 0.0, 0.0, 0.0, 0.0, 0.0, 0.0, 0.9999999999999999, 0.0, 0.0, 0.0, 0.0, 0.0, 0.0, 0.0, 0.0]"
hMpxV/Portugal/INSA-PT0809/2023|EPI_ISL_18993967|2023-12-21,"[0.0, 0.0, 0.0, 0.0, 0.0, 0.0, 0.0, 0.0, 0.0, 0.0, 0.0, 0.0, 0.0, 0.0, 0.0, 0.0, 0.0, 0.0, 0.0, 0.0, 0.0, 0.0, 0.9999999999999999, 0.0, 0.0, 0.0, 0.0, 0.0, 0.0, 0.0, 0.0]"
NODE_0000036,"[1.3546825242976544e-28, 4.5893797211362035e-28, 7.451057588343272e-24, 4.62178912661308e-28, 4.066545515293561e-28, 4.618121937161174e-28, 4.698866954294482e-28, 2.464895547886774e-25, 2.0528720516889227e-24, 1.889026082255407e-26, 6.38491417734075e-27, 4.6956879616383795e-28, 3.9760552424861208e-28, 2.1630480427899726e-24, 3.4937651312711775e-27, 2.6872739905441787e-28, 2.456685793076921e-24, 4.695687961637401e-28, 4.695687961632084e-28, 6.784228173468633e-27, 1.2279383533956875e-26, 4.088075682227437e-28, 1.0, 4.951179209471145e-28, 4.495424184830099e-20, 4.479001703377385e-28, 3.12211635097772e-28, 4.73245881649816e-28, 3.9730208943825337e-28, 5.321714343427662e-26, 2.4907628527577265e-25]"
hMpxV/Portugal/INSA-PT0739/2023|EPI_ISL_18702212|2023-09-24,"[0.0, 0.0, 0.0, 0.0, 0.0, 0.0, 0.0, 0.0, 0.0, 0.0, 0.0, 0.0, 0.0, 0.0, 0.0, 0.0, 0.0, 0.0, 0.0, 0.0, 0.0, 0.0, 0.9999999999999999, 0.0, 0.0, 0.0, 0.0, 0.0, 0.0, 0.0, 0.0]"
hMpxV/Portugal/INSA-PT0793/2023|EPI_ISL_18702221|2023-11-07,"[0.0, 0.0, 0.0, 0.0, 0.0, 0.0, 0.0, 0.0, 0.0, 0.0, 0.0, 0.0, 0.0, 0.0, 0.0, 0.0, 0.0, 0.0, 0.0, 0.0, 0.0, 0.0, 1.0, 0.0, 0.0, 0.0, 0.0, 0.0, 0.0, 0.0, 0.0]"
hMpxV/Portugal/INSA-PT0744/2023|EPI_ISL_18702231|2023-09-26,"[0.0, 0.0, 0.0, 0.0, 0.0, 0.0, 0.0, 0.0, 0.0, 0.0, 0.0, 0.0, 0.0, 0.0, 0.0, 0.0, 0.0, 0.0, 0.0, 0.0, 0.0, 0.0, 0.9999999999999999, 0.0, 0.0, 0.0, 0.0, 0.0, 0.0, 0.0, 0.0]"
hMpxV/Portugal/INSA-PT0740/2023|EPI_ISL_18702250|2023-09-22,"[0.0, 0.0, 0.0, 0.0, 0.0, 0.0, 0.0, 0.0, 0.0, 0.0, 0.0, 0.0, 0.0, 0.0, 0.0, 0.0, 0.0, 0.0, 0.0, 0.0, 0.0, 0.0, 1.0, 0.0, 0.0, 0.0, 0.0, 0.0, 0.0, 0.0, 0.0]"
hMpxV/Portugal/INSA-PT0771/2023|EPI_ISL_18702256|2023-10-12,"[0.0, 0.0, 0.0, 0.0, 0.0, 0.0, 0.0, 0.0, 0.0, 0.0, 0.0, 0.0, 0.0, 0.0, 0.0, 0.0, 0.0, 0.0, 0.0, 0.0, 0.0, 0.0, 1.0, 0.0, 0.0, 0.0, 0.0, 0.0, 0.0, 0.0, 0.0]"
NODE_0000038,"[1.2950035111729124e-09, 1.8158150380751535e-09, 3.068178421067294e-08, 1.8632569137290573e-09, 1.6466891539204446e-09, 1.8335047323076864e-09, 1.81350735125848e-09, 1.2005519969326185e-08, 2.2912909504036804e-08, 5.562329026162599e-09, 3.90628889672907e-09, 1.8299348819760736e-09, 1.8058265757917222e-09, 2.305553262036756e-08, 3.0074336704499137e-09, 1.3238849926915401e-09, 2.4474096175987525e-08, 1.8299348819758383e-09, 1.8299348819743043e-09, 4.097671842718707e-09, 2.2237507675724497e-09, 1.8870720975252332e-09, 0.9999993506282384, 1.8794984292428127e-09, 4.676434336341878e-07, 1.7417016203895728e-09, 1.6821815325261793e-09, 1.7586272503559907e-09, 1.769919123358941e-09, 8.02286156627078e-09, 1.2171856429154598e-08]"
hMpxV/Portugal/INSA-PT0800/2023|EPI_ISL_18702209|2023-11-18,"[0.0, 0.0, 0.0, 0.0, 0.0, 0.0, 0.0, 0.0, 0.0, 0.0, 0.0, 0.0, 0.0, 0.0, 0.0, 0.0, 0.0, 0.0, 0.0, 0.0, 0.0, 0.0, 0.9999999999999999, 0.0, 0.0, 0.0, 0.0, 0.0, 0.0, 0.0, 0.0]"
hMpxV/Portugal/INSA-PT0787/2023|EPI_ISL_18702223|2023-11-02,"[0.0, 0.0, 0.0, 0.0, 0.0, 0.0, 0.0, 0.0, 0.0, 0.0, 0.0, 0.0, 0.0, 0.0, 0.0, 0.0, 0.0, 0.0, 0.0, 0.0, 0.0, 0.0, 1.0, 0.0, 0.0, 0.0, 0.0, 0.0, 0.0, 0.0, 0.0]"
NODE_0000041,"[4.5144569434071346e-10, 6.446808403091352e-10, 1.1789955820459809e-08, 6.615262719920211e-10, 5.823365233778619e-10, 6.51078172438208e-10, 6.440196563762609e-10, 4.525635700700739e-09, 8.737767604548728e-09, 2.054268940314023e-09, 1.4285056082202152e-09, 6.500025362136742e-10, 6.392505872846254e-10, 8.8153528277074e-09, 1.0972500329025956e-09, 4.672363162116061e-10, 9.359939818926443e-09, 6.500025362135852e-10, 6.500025362130332e-10, 1.4992348325011744e-09, 8.284094168348084e-10, 6.68694538090613e-10, 0.9999997447644153, 6.634765535854539e-10, 1.8706833289109426e-07, 6.185508187330629e-10, 5.898176671463491e-10, 6.238799631836355e-10, 6.272241883683782e-10, 2.974193578195882e-09, 4.573512308696862e-09]"
hMpxV/Portugal/INSA-PT0767/2023|EPI_ISL_18702237|2023-10-13,"[0.0, 0.0, 0.0, 0.0, 0.0, 0.0, 0.0, 0.0, 0.0, 0.0, 0.0, 0.0, 0.0, 0.0, 0.0, 0.0, 0.0, 0.0, 0.0, 0.0, 0.0, 0.0, 1.0, 0.0, 0.0, 0.0, 0.0, 0.0, 0.0, 0.0, 0.0]"
hMpxV/Portugal/INSA-PT0781/2023|EPI_ISL_18702251|2023-10-26,"[0.0, 0.0, 0.0, 0.0, 0.0, 0.0, 0.0, 0.0, 0.0, 0.0, 0.0, 0.0, 0.0, 0.0, 0.0, 0.0, 0.0, 0.0, 0.0, 0.0, 0.0, 0.0, 1.0, 0.0, 0.0, 0.0, 0.0, 0.0, 0.0, 0.0, 0.0]"
NODE_0000037,"[7.275912108189205e-10, 7.189376076693096e-10, 3.0488913716918924e-07, 7.290423066796411e-10, 1.0168128381493453e-09, 7.234464709495132e-10, 7.459679095661294e-10, 4.878728042768363e-09, 9.383020528804103e-09, 2.228063722780758e-09, 1.5658189428319392e-09, 7.199552839355051e-10, 6.960879582839483e-10, 9.456786545761947e-09, 1.1589088471769864e-09, 6.793535088558151e-10, 1.0040570168654997e-08, 7.199552839354045e-10, 7.199552839348086e-10, 1.6196900235016267e-09, 2.3062744897841796e-09, 7.249513026896299e-10, 0.9999994301414291, 7.361739810609973e-10, 1.982994024294468e-07, 6.91075734502724e-10, 6.320223533155725e-10, 6.99799922462979e-10, 6.847488405956383e-10, 6.738251539845921e-09, 4.928040613271193e-09]"
hMpxV/Brazil/SP-IAL-357531200/2024|EPI_ISL_19359677|2024-02-27,"[0.0, 0.0, 1.0, 0.0, 0.0, 0.0, 0.0, 0.0, 0.0, 0.0, 0.0, 0.0, 0.0, 0.0, 0.0, 0.0, 0.0, 0.0, 0.0, 0.0, 0.0, 0.0, 0.0, 0.0, 0.0, 0.0, 0.0, 0.0, 0.0, 0.0, 0.0]"
hMpxV/Portugal/INSA-PT0772/2023|EPI_ISL_18702224|2023-10-12,"[0.0, 0.0, 0.0, 0.0, 0.0, 0.0, 0.0, 0.0, 0.0, 0.0, 0.0, 0.0, 0.0, 0.0, 0.0, 0.0, 0.0, 0.0, 0.0, 0.0, 0.0, 0.0, 1.0, 0.0, 0.0, 0.0, 0.0, 0.0, 0.0, 0.0, 0.0]"
hMpxV/Portugal/INSA-PT0794/2023|EPI_ISL_18702227|2023-11-09,"[0.0, 0.0, 0.0, 0.0, 0.0, 0.0, 0.0, 0.0, 0.0, 0.0, 0.0, 0.0, 0.0, 0.0, 0.0, 0.0, 0.0, 0.0, 0.0, 0.0, 0.0, 0.0, 1.0, 0.0, 0.0, 0.0, 0.0, 0.0, 0.0, 0.0, 0.0]"
NODE_0000039,"[1.810435186658259e-18, 3.67342482822876e-18, 1.130097758382512e-15, 3.739283725706356e-18, 3.3039363671808565e-18, 3.7034610996991195e-18, 3.707560609699251e-18, 1.5515699019938022e-16, 5.533470647783842e-16, 3.3600428571786994e-17, 1.7334255609869627e-17, 3.725301235009102e-18, 3.4482929826405013e-18, 5.671656000443228e-16, 1.1544224800516713e-17, 2.4447352109453173e-18, 6.196618279411216e-16, 3.725301235008091e-18, 3.725301235001911e-18, 1.827956520835749e-17, 1.6474255360741252e-17, 3.576967659537982e-18, 0.9999999999997777, 3.879610767767692e-18, 2.189913305372372e-13, 3.549265527229866e-18, 2.9977143615607194e-18, 3.655703108615107e-18, 3.4061500362304105e-18, 6.4430801323949e-17, 1.5732293627784018e-16]"
hMpxV/Portugal/INSA-PT0770/2023|EPI_ISL_18702219|2023-10-12,"[0.0, 0.0, 0.0, 0.0, 0.0, 0.0, 0.0, 0.0, 0.0, 0.0, 0.0, 0.0, 0.0, 0.0, 0.0, 0.0, 0.0, 0.0, 0.0, 0.0, 0.0, 0.0, 1.0, 0.0, 0.0, 0.0, 0.0, 0.0, 0.0, 0.0, 0.0]"
hMpxV/Portugal/INSA-PT0783/2023|EPI_ISL_18702229|2023-10-29,"[0.0, 0.0, 0.0, 0.0, 0.0, 0.0, 0.0, 0.0, 0.0, 0.0, 0.0, 0.0, 0.0, 0.0, 0.0, 0.0, 0.0, 0.0, 0.0, 0.0, 0.0, 0.0, 0.9999999999999999, 0.0, 0.0, 0.0, 0.0, 0.0, 0.0, 0.0, 0.0]"
hMpxV/Portugal/INSA-PT0768/2023|EPI_ISL_18702248|2023-10-12,"[0.0, 0.0, 0.0, 0.0, 0.0, 0.0, 0.0, 0.0, 0.0, 0.0, 0.0, 0.0, 0.0, 0.0, 0.0, 0.0, 0.0, 0.0, 0.0, 0.0, 0.0, 0.0, 1.0, 0.0, 0.0, 0.0, 0.0, 0.0, 0.0, 0.0, 0.0]"
hMpxV/Portugal/INSA-PT0806/2023|EPI_ISL_18993964|2023-11-30,"[0.0, 0.0, 0.0, 0.0, 0.0, 0.0, 0.0, 0.0, 0.0, 0.0, 0.0, 0.0, 0.0, 0.0, 0.0, 0.0, 0.0, 0.0, 0.0, 0.0, 0.0, 0.0, 1.0, 0.0, 0.0, 0.0, 0.0, 0.0, 0.0, 0.0, 0.0]"
NODE_0000040,"[5.697640338018199e-10, 8.058096702860415e-10, 1.4103066792563842e-08, 8.268727173585451e-10, 7.293454147047097e-10, 8.137344790575279e-10, 8.048729063047137e-10, 5.473095113204573e-09, 1.0497407885447538e-08, 2.5129938392489905e-09, 1.757046172886547e-09, 8.122595993828986e-10, 8.002732097630347e-10, 1.0575482349689036e-08, 1.3514773497628589e-09, 5.858480756578018e-10, 1.122713054134014e-08, 8.122595993827825e-10, 8.122595993820915e-10, 1.8435583123256763e-09, 1.0086800736498083e-09, 8.367115195847201e-10, 0.9999996986838222, 8.31675345910509e-10, 2.1867377477475244e-07, 7.730281023363077e-10, 7.419705592977972e-10, 7.801007093500849e-10, 7.84772280721464e-10, 3.6303622465515413e-09, 5.540544341773879e-09]"
hMpxV/Portugal/INSA-PT0803/2023|EPI_ISL_18702217|2023-11-28,"[0.0, 0.0, 0.0, 0.0, 0.0, 0.0, 0.0, 0.0, 0.0, 0.0, 0.0, 0.0, 0.0, 0.0, 0.0, 0.0, 0.0, 0.0, 0.0, 0.0, 0.0, 0.0, 1.0, 0.0, 0.0, 0.0, 0.0, 0.0, 0.0, 0.0, 0.0]"
hMpxV/Portugal/INSA-PT0799/2023|EPI_ISL_18702252|2023-11-20,"[0.0, 0.0, 0.0, 0.0, 0.0, 0.0, 0.0, 0.0, 0.0, 0.0, 0.0, 0.0, 0.0, 0.0, 0.0, 0.0, 0.0, 0.0, 0.0, 0.0, 0.0, 0.0, 1.0, 0.0, 0.0, 0.0, 0.0, 0.0, 0.0, 0.0, 0.0]"
NODE_0000043,"[2.9696878677825495e-08, 3.3793594012655375e-08, 3.2032663345128404e-07, 3.475187503966886e-08, 3.032694721211679e-08, 3.4152609359421185e-08, 3.3754559921733506e-08, 1.603619617373696e-07, 3.2984118455377204e-07, 8.328814917277514e-08, 6.239190935334656e-08, 3.409417854595198e-08, 3.351936709583608e-08, 2.7550349780479563e-07, 5.640285920658509e-08, 2.3943302130626352e-08, 3.378488119511099e-07, 3.4094178545949975e-08, 3.409417854594484e-08, 6.396788242523983e-08, 3.027198834367555e-08, 3.5183709265839976e-08, 0.9998047088553942, 4.471897600591881e-08, 0.00019270089087733834, 3.2309177746124716e-08, 3.926450255323145e-08, 3.26449067368188e-08, 3.282322428969942e-08, 1.0123391625155202e-07, 1.956487686028228e-07]"
hMpxV/Portugal/INSA-PT0702/2023|EPI_ISL_18553847|2023-08-08,"[0.0, 0.0, 0.0, 0.0, 0.0, 0.0, 0.0, 0.0, 0.0, 0.0, 0.0, 0.0, 0.0, 0.0, 0.0, 0.0, 0.0, 0.0, 0.0, 0.0, 0.0, 0.0, 1.0, 0.0, 0.0, 0.0, 0.0, 0.0, 0.0, 0.0, 0.0]"
NODE_0000044,"[1.0896636339275692e-36, 5.0146073468886746e-36, 3.50666049283516e-30, 4.9054515316530435e-36, 4.8357873778561493e-36, 5.0121626723979504e-36, 5.21897888738586e-36, 2.3169357054683302e-32, 4.417022990605201e-31, 1.0600080070837177e-32, 1.688647214279449e-34, 5.1224654609015525e-36, 3.7606076332041495e-36, 6.361221293782673e-28, 7.057521387644326e-35, 4.174564755885351e-36, 2.316461741244284e-30, 5.122465460900416e-36, 5.122465460895022e-36, 1.6566496340792418e-34, 3.875729906871709e-33, 3.830736875893525e-36, 1.0, 6.052900701777897e-36, 5.867729065819124e-24, 6.19321555754358e-36, 2.6035674689324106e-36, 6.83614145736757e-36, 3.7474096894352596e-36, 3.309471649539782e-32, 2.488166542684565e-32]"
hMpxV/Portugal/INSA-PT0633/2023|EPI_ISL_18044987|2023-06-25,"[0.0, 0.0, 0.0, 0.0, 0.0, 0.0, 0.0, 0.0, 0.0, 0.0, 0.0, 0.0, 0.0, 0.0, 0.0, 0.0, 0.0, 0.0, 0.0, 0.0, 0.0, 0.0, 1.0, 0.0, 0.0, 0.0, 0.0, 0.0, 0.0, 0.0, 0.0]"
hMpxV/Germany/BY-IMB-2541/2023|EPI_ISL_18627266|2023-11-22,"[0.0, 0.0, 0.0, 0.0, 0.0, 0.0, 0.0, 0.0, 0.0, 1.0, 0.0, 0.0, 0.0, 0.0, 0.0, 0.0, 0.0, 0.0, 0.0, 0.0, 0.0, 0.0, 0.0, 0.0, 0.0, 0.0, 0.0, 0.0, 0.0, 0.0, 0.0]"
hMpxV/Portugal/INSA-PT0646/2023|EPI_ISL_18076389|2023-07-07,"[0.0, 0.0, 0.0, 0.0, 0.0, 0.0, 0.0, 0.0, 0.0, 0.0, 0.0, 0.0, 0.0, 0.0, 0.0, 0.0, 0.0, 0.0, 0.0, 0.0, 0.0, 0.0, 0.9999999999999999, 0.0, 0.0, 0.0, 0.0, 0.0, 0.0, 0.0, 0.0]"
hMpxV/Portugal/INSA-PT0685/2023|EPI_ISL_18553816|2023-07-13,"[0.0, 0.0, 0.0, 0.0, 0.0, 0.0, 0.0, 0.0, 0.0, 0.0, 0.0, 0.0, 0.0, 0.0, 0.0, 0.0, 0.0, 0.0, 0.0, 0.0, 0.0, 0.0, 1.0, 0.0, 0.0, 0.0, 0.0, 0.0, 0.0, 0.0, 0.0]"
hMpxV/Portugal/INSA-PT0689/2023|EPI_ISL_18553822|2023-07-17,"[0.0, 0.0, 0.0, 0.0, 0.0, 0.0, 0.0, 0.0, 0.0, 0.0, 0.0, 0.0, 0.0, 0.0, 0.0, 0.0, 0.0, 0.0, 0.0, 0.0, 0.0, 0.0, 1.0, 0.0, 0.0, 0.0, 0.0, 0.0, 0.0, 0.0, 0.0]"
hMpxV/Portugal/INSA-PT0716/2023|EPI_ISL_18553820|2023-08-31,"[0.0, 0.0, 0.0, 0.0, 0.0, 0.0, 0.0, 0.0, 0.0, 0.0, 0.0, 0.0, 0.0, 0.0, 0.0, 0.0, 0.0, 0.0, 0.0, 0.0, 0.0, 0.0, 1.0, 0.0, 0.0, 0.0, 0.0, 0.0, 0.0, 0.0, 0.0]"
hMpxV/Portugal/INSA-PT0701/2023|EPI_ISL_18553829|2023-08-07,"[0.0, 0.0, 0.0, 0.0, 0.0, 0.0, 0.0, 0.0, 0.0, 0.0, 0.0, 0.0, 0.0, 0.0, 0.0, 0.0, 0.0, 0.0, 0.0, 0.0, 0.0, 0.0, 1.0, 0.0, 0.0, 0.0, 0.0, 0.0, 0.0, 0.0, 0.0]"
hMpxV/Portugal/INSA-PT0694/2023|EPI_ISL_18553835|2023-07-18,"[0.0, 0.0, 0.0, 0.0, 0.0, 0.0, 0.0, 0.0, 0.0, 0.0, 0.0, 0.0, 0.0, 0.0, 0.0, 0.0, 0.0, 0.0, 0.0, 0.0, 0.0, 0.0, 1.0, 0.0, 0.0, 0.0, 0.0, 0.0, 0.0, 0.0, 0.0]"
hMpxV/Portugal/INSA-PT0656/2023|EPI_ISL_18228645|2023-07-21,"[0.0, 0.0, 0.0, 0.0, 0.0, 0.0, 0.0, 0.0, 0.0, 0.0, 0.0, 0.0, 0.0, 0.0, 0.0, 0.0, 0.0, 0.0, 0.0, 0.0, 0.0, 0.0, 1.0, 0.0, 0.0, 0.0, 0.0, 0.0, 0.0, 0.0, 0.0]"
hMpxV/Portugal/INSA-PT0653/2023|EPI_ISL_18228631|2023-07-21,"[0.0, 0.0, 0.0, 0.0, 0.0, 0.0, 0.0, 0.0, 0.0, 0.0, 0.0, 0.0, 0.0, 0.0, 0.0, 0.0, 0.0, 0.0, 0.0, 0.0, 0.0, 0.0, 1.0, 0.0, 0.0, 0.0, 0.0, 0.0, 0.0, 0.0, 0.0]"
hMpxV/Portugal/INSA-PT0655/2023|EPI_ISL_18228637|2023-07-21,"[0.0, 0.0, 0.0, 0.0, 0.0, 0.0, 0.0, 0.0, 0.0, 0.0, 0.0, 0.0, 0.0, 0.0, 0.0, 0.0, 0.0, 0.0, 0.0, 0.0, 0.0, 0.0, 1.0, 0.0, 0.0, 0.0, 0.0, 0.0, 0.0, 0.0, 0.0]"
hMpxV/Portugal/INSA-PT0661/2023|EPI_ISL_18228640|2023-07-26,"[0.0, 0.0, 0.0, 0.0, 0.0, 0.0, 0.0, 0.0, 0.0, 0.0, 0.0, 0.0, 0.0, 0.0, 0.0, 0.0, 0.0, 0.0, 0.0, 0.0, 0.0, 0.0, 1.0, 0.0, 0.0, 0.0, 0.0, 0.0, 0.0, 0.0, 0.0]"
NODE_0000052,"[0.0002000650206486391, 0.00027392371043798673, 0.0003351389155575819, 0.00028402413499064135, 0.000242443007508913, 0.00027737167847478514, 0.0002725270378030571, 0.0004194515103329161, 0.0005030750487918945, 0.0003491181786513938, 0.0003135592303558804, 0.00027616766986782756, 0.0003095755429278948, 0.9744043206343727, 0.00022033721930784142, 0.0001897206310591018, 0.003581611253693189, 0.0002761676698678995, 0.00027616766986772196, 0.0003142138132176937, 0.00014197995527453334, 0.0002958457556315857, 0.013078991309459019, 0.0002866108009793758, 0.0011255744544846466, 0.00025903307139114065, 0.00025889155643605443, 0.0002895577068559958, 0.00026925437083793856, 0.00024501814230468285, 0.0004302632986096862]"
hMpxV/Ireland/D-NVRL-Z22IRL00925/2023|EPI_ISL_18634756|2023-10-18,"[0.0, 0.0, 0.0, 0.0, 0.0, 0.0, 0.0, 0.0, 0.0, 0.0, 0.0, 0.0, 0.0, 1.0, 0.0, 0.0, 0.0, 0.0, 0.0, 0.0, 0.0, 0.0, 0.0, 0.0, 0.0, 0.0, 0.0, 0.0, 0.0, 0.0, 0.0]"
hMpxV/Netherlands/un-EMC-NL106/2024|EPI_ISL_19356931|2024-08-13,"[0.0, 0.0, 0.0, 0.0, 0.0, 0.0, 0.0, 0.0, 0.0, 0.0, 0.0, 0.0, 0.0, 0.0, 0.0, 0.0, 1.0, 0.0, 0.0, 0.0, 0.0, 0.0, 0.0, 0.0, 0.0, 0.0, 0.0, 0.0, 0.0, 0.0, 0.0]"
NODE_0000051,"[6.424252845293295e-13, 1.0038900804895503e-12, 4.067374169080859e-11, 1.0275145793394737e-12, 9.0974968271483e-13, 1.0131015723512733e-12, 1.0058362862822863e-12, 1.153444401058896e-11, 2.666743556114338e-11, 4.2529123590202746e-12, 2.7247213844129023e-12, 1.0134720438466508e-12, 9.817333833887892e-13, 2.6933075720897638e-11, 2.0069689735442176e-12, 7.132025071695109e-13, 2.8849120341603687e-11, 1.0134720438464678e-12, 1.0134720438453084e-12, 2.8621400136586068e-12, 1.8056338981913313e-12, 1.02307302638512e-12, 0.9999999984540762, 1.0483264431776645e-12, 1.3629676273898792e-09, 9.650299722287363e-13, 8.980322089397229e-13, 9.810515528031443e-13, 9.640343080418018e-13, 6.704543493841002e-12, 1.1724061790994888e-11]"
hMpxV/Portugal/INSA-PT0764/2023|EPI_ISL_18702215|2023-10-13,"[0.0, 0.0, 0.0, 0.0, 0.0, 0.0, 0.0, 0.0, 0.0, 0.0, 0.0, 0.0, 0.0, 0.0, 0.0, 0.0, 0.0, 0.0, 0.0, 0.0, 0.0, 0.0, 1.0, 0.0, 0.0, 0.0, 0.0, 0.0, 0.0, 0.0, 0.0]"
hMpxV/Portugal/INSA-PT0747/2023|EPI_ISL_18702218|2023-09-26,"[0.0, 0.0, 0.0, 0.0, 0.0, 0.0, 0.0, 0.0, 0.0, 0.0, 0.0, 0.0, 0.0, 0.0, 0.0, 0.0, 0.0, 0.0, 0.0, 0.0, 0.0, 0.0, 1.0, 0.0, 0.0, 0.0, 0.0, 0.0, 0.0, 0.0, 0.0]"
hMpxV/Portugal/INSA-PT0741/2023|EPI_ISL_18702246|2023-09-25,"[0.0, 0.0, 0.0, 0.0, 0.0, 0.0, 0.0, 0.0, 0.0, 0.0, 0.0, 0.0, 0.0, 0.0, 0.0, 0.0, 0.0, 0.0, 0.0, 0.0, 0.0, 0.0, 1.0, 0.0, 0.0, 0.0, 0.0, 0.0, 0.0, 0.0, 0.0]"
NODE_0000053,"[7.705811440819726e-10, 1.5917589152458595e-09, 1.4122530137040146e-09, 1.6606186781303757e-09, 1.3291803762970701e-09, 1.6184749925577593e-09, 1.5932207409984295e-09, 2.8187574662048585e-09, 3.4833965276599886e-09, 2.219056793846678e-09, 1.955064437744074e-09, 1.6184009631587896e-09, 1.5390859595920872e-09, 0.999998948096219, 1.0305908948936742e-09, 9.101806656451756e-10, 2.3676958997743227e-08, 1.618400963159489e-09, 1.6184009631577139e-09, 1.8570827280266313e-09, 1.3730532962400354e-09, 1.6630825963672242e-09, 9.768163909165935e-07, 1.6610034232498784e-09, 6.90163146942476e-09, 1.4859161484172217e-09, 1.2858399002669586e-09, 1.5135185826211576e-09, 1.4911918615022418e-09, 5.257623851615558e-10, 2.864925312083939e-09]"
hMpxV/Ireland/un-NVRL-Z22IRL00908/2023|EPI_ISL_18308397|2023-08-18,"[0.0, 0.0, 0.0, 0.0, 0.0, 0.0, 0.0, 0.0, 0.0, 0.0, 0.0, 0.0, 0.0, 1.0, 0.0, 0.0, 0.0, 0.0, 0.0, 0.0, 0.0, 0.0, 0.0, 0.0, 0.0, 0.0, 0.0, 0.0, 0.0, 0.0, 0.0]"
hMpxV/Ireland/un-NVRL-Z22IRL00910/2023|EPI_ISL_18308399|2023-08-28,"[0.0, 0.0, 0.0, 0.0, 0.0, 0.0, 0.0, 0.0, 0.0, 0.0, 0.0, 0.0, 0.0, 1.0, 0.0, 0.0, 0.0, 0.0, 0.0, 0.0, 0.0, 0.0, 0.0, 0.0, 0.0, 0.0, 0.0, 0.0, 0.0, 0.0, 0.0]"
NODE_0000054,"[5.314662858826999e-10, 9.936713002336214e-10, 3.672503258670681e-10, 1.039498552996368e-09, 8.28023618921222e-10, 1.0111375245414898e-09, 9.914503584932197e-10, 1.0185949857945674e-09, 1.03762037611273e-09, 1.007677316185606e-09, 9.725033092832258e-10, 1.0088206153060572e-09, 9.756778755315546e-10, 0.9999999555534116, 5.351347261668001e-10, 5.80959729069795e-10, 7.052653323072884e-09, 1.008820615306798e-09, 1.0088206153050348e-09, 9.222050435025417e-10, 5.916022299972895e-10, 1.058436178011063e-09, 1.318225190682489e-08, 1.023504124171033e-09, 8.207236025044467e-10, 9.256526997933802e-10, 8.248448121310417e-10, 9.354329271568822e-10, 9.442584929768467e-10, 2.1634737865225772e-10, 1.0315475329055542e-09]"
hMpxV/Ireland/un-NVRL-G23IRL50393/2023|EPI_ISL_18308396|2023-08-16,"[0.0, 0.0, 0.0, 0.0, 0.0, 0.0, 0.0, 0.0, 0.0, 0.0, 0.0, 0.0, 0.0, 1.0, 0.0, 0.0, 0.0, 0.0, 0.0, 0.0, 0.0, 0.0, 0.0, 0.0, 0.0, 0.0, 0.0, 0.0, 0.0, 0.0, 0.0]"
hMpxV/Ireland/un-NVRL-Z22IRL00909/2023|EPI_ISL_18308398|2023-08-31,"[0.0, 0.0, 0.0, 0.0, 0.0, 0.0, 0.0, 0.0, 0.0, 0.0, 0.0, 0.0, 0.0, 1.0, 0.0, 0.0, 0.0, 0.0, 0.0, 0.0, 0.0, 0.0, 0.0, 0.0, 0.0, 0.0, 0.0, 0.0, 0.0, 0.0, 0.0]"
NODE_0000049,"[8.173760259287986e-09, 1.1525415057405629e-08, 2.001128314201176e-07, 1.1826372957526124e-08, 1.0440713852519805e-08, 1.1638197914270528e-08, 1.1511774708370787e-08, 7.775948714527984e-08, 1.4905716730627148e-07, 3.576667431196501e-08, 2.5033851324740583e-08, 1.1616672340944953e-08, 1.1453458489444349e-08, 1.5504336905982894e-07, 1.9253184976106696e-08, 8.387768720940004e-09, 1.7031814473889024e-07, 1.1616672340944815e-08, 1.1616672340943288e-08, 2.62637371120327e-08, 1.433849152404601e-08, 1.196986226498484e-08, 0.9999957082816715, 1.1912641692635246e-08, 3.1005761260380043e-06, 1.1055927706023966e-08, 1.0640384969507904e-08, 1.1162442112256679e-08, 1.1227352711882332e-08, 5.166026265893445e-08, 7.87589104566697e-08]"
hMpxV/Portugal/INSA-PT0703/2023|EPI_ISL_18553833|2023-08-10,"[0.0, 0.0, 0.0, 0.0, 0.0, 0.0, 0.0, 0.0, 0.0, 0.0, 0.0, 0.0, 0.0, 0.0, 0.0, 0.0, 0.0, 0.0, 0.0, 0.0, 0.0, 0.0, 0.9999999999999999, 0.0, 0.0, 0.0, 0.0, 0.0, 0.0, 0.0, 0.0]"
NODE_0000050,"[3.900396748377087e-11, 8.123813442706039e-11, 1.0066637511994802e-09, 8.381921982364453e-11, 6.956503258404415e-11, 8.225917697387502e-11, 8.158915604406315e-11, 6.057736739868265e-10, 1.1937278310855972e-09, 2.675247643980591e-10, 1.8488246305344064e-10, 8.25391353259686e-11, 1.099491677826157e-10, 7.205359690216877e-08, 1.1014309061816904e-10, 4.9580308257084343e-11, 1.576522145877847e-07, 8.253913532596712e-11, 8.253913532591034e-11, 1.8440607714068387e-10, 1.0952339074469247e-10, 8.279714180073875e-11, 0.9999997290719228, 8.40608408848724e-11, 3.530718480358125e-08, 7.701876961850877e-11, 6.450099422924025e-11, 1.0988482126102651e-10, 7.565748372227368e-11, 3.0284386907597425e-10, 6.110505980790245e-10]"
hMpxV/Netherlands/un-EMC-NL088/2023|EPI_ISL_18659828|2023-08-29,"[0.0, 0.0, 0.0, 0.0, 0.0, 0.0, 0.0, 0.0, 0.0, 0.0, 0.0, 0.0, 0.0, 0.0, 0.0, 0.0, 1.0, 0.0, 0.0, 0.0, 0.0, 0.0, 0.0, 0.0, 0.0, 0.0, 0.0, 0.0, 0.0, 0.0, 0.0]"
hMpxV/Ireland/D-NVRL-Z22IRL00922/2023|EPI_ISL_18634755|2023-10-09,"[0.0, 0.0, 0.0, 0.0, 0.0, 0.0, 0.0, 0.0, 0.0, 0.0, 0.0, 0.0, 0.0, 1.0, 0.0, 0.0, 0.0, 0.0, 0.0, 0.0, 0.0, 0.0, 0.0, 0.0, 0.0, 0.0, 0.0, 0.0, 0.0, 0.0, 0.0]"
hMpxV/Portugal/INSA-PT0708/2023|EPI_ISL_18553824|2023-08-10,"[0.0, 0.0, 0.0, 0.0, 0.0, 0.0, 0.0, 0.0, 0.0, 0.0, 0.0, 0.0, 0.0, 0.0, 0.0, 0.0, 0.0, 0.0, 0.0, 0.0, 0.0, 0.0, 1.0, 0.0, 0.0, 0.0, 0.0, 0.0, 0.0, 0.0, 0.0]"
hMpxV/Portugal/INSA-PT0652/2023|EPI_ISL_18228633|2023-07-19,"[0.0, 0.0, 0.0, 0.0, 0.0, 0.0, 0.0, 0.0, 0.0, 0.0, 0.0, 0.0, 0.0, 0.0, 0.0, 0.0, 0.0, 0.0, 0.0, 0.0, 0.0, 0.0, 1.0, 0.0, 0.0, 0.0, 0.0, 0.0, 0.0, 0.0, 0.0]"
NODE_0000045,"[5.043371972212778e-06, 1.1768643270183251e-06, 0.00042555362957563485, 1.157843648313061e-06, 2.2479013874120415e-06, 1.1749113541023663e-06, 1.2236825499935232e-06, 1.7885664877425112e-06, 2.1391773983532074e-06, 1.4687528764025528e-06, 1.3635141041255695e-06, 1.1581180023311298e-06, 1.4988001585005127e-06, 3.6160810819506114e-06, 1.6771172094451326e-06, 5.525560805561701e-06, 0.0003063951145587563, 1.1581180023314188e-06, 1.1581180023311802e-06, 1.2952949439311165e-06, 8.696771558865219e-05, 1.1314619198425705e-06, 0.00037635614219341617, 1.1861974292990853e-06, 8.372780825582616e-06, 2.1622826023061467e-06, 9.733801958149667e-07, 2.8885955446377325e-06, 1.0793563379608245e-06, 0.9987492504885543, 1.8110603616066158e-06]"
hMpxV/USA/CA-CDPH-1M1000432/2023|EPI_ISL_18781817|2023-10-14,"[0.0, 0.0, 0.0, 0.0, 0.0, 0.0, 0.0, 0.0, 0.0, 0.0, 0.0, 0.0, 0.0, 0.0, 0.0, 0.0, 0.0, 0.0, 0.0, 0.0, 0.0, 0.0, 0.0, 0.0, 0.0, 0.0, 0.0, 0.0, 0.0, 1.0, 0.0]"
hMpxV/USA/IL-RIPHL-004-0142/2024|EPI_ISL_19158946|2024-02-07,"[0.0, 0.0, 0.0, 0.0, 0.0, 0.0, 0.0, 0.0, 0.0, 0.0, 0.0, 0.0, 0.0, 0.0, 0.0, 0.0, 0.0, 0.0, 0.0, 0.0, 0.0, 0.0, 0.0, 0.0, 0.0, 0.0, 0.0, 0.0, 0.0, 1.0, 0.0]"
NODE_0000046,"[4.7098335711889845e-09, 5.320090402435408e-10, 0.9999995287428524, 5.244560338294214e-10, 4.460518745239223e-09, 5.315872468621546e-10, 6.548266961614637e-10, 5.307265467430152e-10, 5.340506839871325e-10, 5.243691110415908e-10, 5.263575355251105e-10, 5.256560923754886e-10, 4.930310033573606e-10, 5.266267178654511e-10, 4.378254139646292e-10, 2.516151102443381e-09, 7.860960441951558e-10, 5.256560923754113e-10, 5.256560923754678e-10, 4.93691271043459e-10, 7.842988065819689e-08, 5.05441406649279e-10, 2.0404997882352443e-08, 5.256543095270985e-10, 5.136970181645295e-10, 6.512751486366612e-10, 4.3886727785504797e-10, 6.511992638075408e-10, 4.923585859876645e-10, 3.4775443852356825e-07, 5.302125894659874e-10]"
hMpxV/Brazil/SP-IAL-357514864/2024|EPI_ISL_19359676|2024-02-22,"[0.0, 0.0, 1.0, 0.0, 0.0, 0.0, 0.0, 0.0, 0.0, 0.0, 0.0, 0.0, 0.0, 0.0, 0.0, 0.0, 0.0, 0.0, 0.0, 0.0, 0.0, 0.0, 0.0, 0.0, 0.0, 0.0, 0.0, 0.0, 0.0, 0.0, 0.0]"
hMpxV/Brazil/SP-IAL-357496487/2024|EPI_ISL_19359675|2024-02-16,"[0.0, 0.0, 0.9999999999999999, 0.0, 0.0, 0.0, 0.0, 0.0, 0.0, 0.0, 0.0, 0.0, 0.0, 0.0, 0.0, 0.0, 0.0, 0.0, 0.0, 0.0, 0.0, 0.0, 0.0, 0.0, 0.0, 0.0, 0.0, 0.0, 0.0, 0.0, 0.0]"
hMpxV/Brazil/SP-IAL-357531658/2024|EPI_ISL_19359684|2024-02-28,"[0.0, 0.0, 1.0, 0.0, 0.0, 0.0, 0.0, 0.0, 0.0, 0.0, 0.0, 0.0, 0.0, 0.0, 0.0, 0.0, 0.0, 0.0, 0.0, 0.0, 0.0, 0.0, 0.0, 0.0, 0.0, 0.0, 0.0, 0.0, 0.0, 0.0, 0.0]"
NODE_0000047,"[4.3031938417726636e-07, 3.501740747553867e-07, 5.033864368484956e-07, 3.562528544156895e-07, 3.505091409002285e-07, 3.532550638863129e-07, 3.483910087703302e-07, 3.521764894436825e-07, 3.57188014145246e-07, 3.4879529809061896e-07, 3.4137305445211237e-07, 3.4946979006734494e-07, 7.51573897619463e-07, 1.3037827807163782e-06, 2.802518253972e-07, 4.939123195717337e-07, 0.9999462855668494, 3.494697900673561e-07, 3.494697900671964e-07, 3.2566445837886216e-07, 7.127518735919501e-07, 3.6419988766230274e-07, 2.2626337136556136e-06, 3.5306443165479055e-07, 7.481817442589274e-07, 4.4808460459347903e-07, 2.959531431980559e-07, 9.551148926504883e-07, 3.302771314164641e-07, 3.859342481177587e-05, 3.5533144429595865e-07]"
hMpxV/Netherlands/un-EMC-NL092/2023|EPI_ISL_18746884|2023-12-18,"[0.0, 0.0, 0.0, 0.0, 0.0, 0.0, 0.0, 0.0, 0.0, 0.0, 0.0, 0.0, 0.0, 0.0, 0.0, 0.0, 1.0, 0.0, 0.0, 0.0, 0.0, 0.0, 0.0, 0.0, 0.0, 0.0, 0.0, 0.0, 0.0, 0.0, 0.0]"
NODE_0000048,"[8.111167748430892e-12, 1.2156895403798329e-11, 7.020193601637373e-12, 1.2616902214196947e-11, 1.0644930820938398e-11, 1.2345207026012419e-11, 1.2136918973501749e-11, 1.2360285372482832e-11, 1.254879006000552e-11, 1.2240543127424215e-11, 1.1894586017033382e-11, 1.2298871355371304e-11, 3.904111433448655e-11, 8.693605798563231e-11, 7.033289577038464e-12, 9.669608339543509e-12, 0.9999999989518853, 1.2298871355376613e-11, 1.2298871355330148e-11, 1.1150709203517522e-11, 8.635440897031438e-12, 1.297981722072524e-11, 1.1019117181006937e-10, 1.2457202281790629e-11, 3.156606775015945e-11, 1.2606096738625862e-11, 9.843858928771232e-12, 3.987901200530935e-11, 1.1420018469674911e-11, 4.712347069731325e-10, 1.249762987240107e-11]"
hMpxV/Netherlands/un-EMC-NL093/2023|EPI_ISL_18746885|2023-12-19,"[0.0, 0.0, 0.0, 0.0, 0.0, 0.0, 0.0, 0.0, 0.0, 0.0, 0.0, 0.0, 0.0, 0.0, 0.0, 0.0, 0.9999999999999999, 0.0, 0.0, 0.0, 0.0, 0.0, 0.0, 0.0, 0.0, 0.0, 0.0, 0.0, 0.0, 0.0, 0.0]"
hMpxV/Netherlands/un-EMC-NL098/2023|EPI_ISL_19356927|2023-12-19,"[0.0, 0.0, 0.0, 0.0, 0.0, 0.0, 0.0, 0.0, 0.0, 0.0, 0.0, 0.0, 0.0, 0.0, 0.0, 0.0, 0.9999999999999999, 0.0, 0.0, 0.0, 0.0, 0.0, 0.0, 0.0, 0.0, 0.0, 0.0, 0.0, 0.0, 0.0, 0.0]"
NODE_0000154,"[4.464163272687792e-06, 1.2074215643439322e-06, 3.068008877130435e-05, 6.729635339692465e-07, 3.889956544091979e-06, 8.692689020879833e-07, 9.585777900190643e-07, 6.818394422317095e-07, 6.890415147472621e-07, 6.741555320960937e-07, 6.74862734376847e-07, 6.723955398830767e-07, 6.512360719305059e-07, 9.62802387141176e-07, 1.469594431698477e-06, 2.1957107629398256e-05, 2.722266858273433e-06, 6.723955398830883e-07, 6.723955398830787e-07, 9.081383327981353e-07, 0.011415396263505857, 6.685064569325303e-07, 3.882544911730463e-06, 6.742287129244291e-07, 9.903588485424559e-07, 1.4122242901510243e-06, 6.283709235803228e-07, 1.3606943859162692e-06, 6.519453464602118e-07, 0.988497500898037, 6.832926480427898e-07]"
hMpxV/USA/NE-UNMC-375/2022|EPI_ISL_17269839|2022-12-28,"[0.0, 0.0, 0.0, 0.0, 0.0, 0.0, 0.0, 0.0, 0.0, 0.0, 0.0, 0.0, 0.0, 0.0, 0.0, 0.0, 0.0, 0.0, 0.0, 0.0, 0.0, 0.0, 0.0, 0.0, 0.0, 0.0, 0.0, 0.0, 0.0, 1.0, 0.0]"
hMpxV/USA/CA-CDPH-1M1000501/2023|EPI_ISL_19143459|2023-11-28,"[0.0, 0.0, 0.0, 0.0, 0.0, 0.0, 0.0, 0.0, 0.0, 0.0, 0.0, 0.0, 0.0, 0.0, 0.0, 0.0, 0.0, 0.0, 0.0, 0.0, 0.0, 0.0, 0.0, 0.0, 0.0, 0.0, 0.0, 0.0, 0.0, 1.0, 0.0]"
NODE_0000155,"[3.7900243593044297e-10, 1.927866426975984e-11, 2.8218339474299225e-09, 1.7355570036682265e-11, 3.874495045809201e-11, 1.8549110586686997e-11, 1.8819383301878348e-11, 1.7977420047709612e-11, 1.806092167932546e-11, 1.7675755756992036e-11, 1.8157157501232098e-11, 1.7703180921526605e-11, 1.623449641172051e-11, 1.880551996230898e-11, 5.41449762589601e-11, 6.781075546578242e-10, 2.4218998113401756e-10, 1.7703180921528728e-11, 1.770318092152597e-11, 1.7220312857017317e-11, 2.194081919532077e-07, 1.642132766740909e-11, 3.484118533795719e-10, 1.7592999306033546e-11, 3.6596411552677435e-11, 7.848808812898782e-11, 1.4846565902766846e-11, 7.331930618716371e-11, 1.6501278960482754e-11, 0.9999997755065057, 1.785682034462574e-11]"
hMpxV/USA/CT-DPH-1197699001/2023|EPI_ISL_18719999|2023-12-26,"[0.0, 0.0, 0.0, 0.0, 0.0, 0.0, 0.0, 0.0, 0.0, 0.0, 0.0, 0.0, 0.0, 0.0, 0.0, 0.0, 0.0, 0.0, 0.0, 0.0, 0.0, 0.0, 0.0, 0.0, 0.0, 0.0, 0.0, 0.0, 0.0, 1.0, 0.0]"
NODE_0000314,"[2.772014165478926e-14, 5.483686906210115e-16, 3.4582245572313466e-13, 5.077156338239672e-16, 1.1640066843382531e-15, 5.392031530192163e-16, 5.50812149494929e-16, 5.333769943621717e-16, 5.318700776816928e-16, 5.230441791210706e-16, 5.48705899575018e-16, 5.26688881048262e-16, 4.606001119048091e-16, 5.398599567948267e-16, 2.4165469103267785e-15, 5.2172664048497155e-14, 1.6349960606692212e-14, 5.266888810486017e-16, 5.266888810484295e-16, 4.869257671136721e-16, 6.588361816747044e-11, 4.601299612049186e-16, 2.9565901813747877e-14, 5.192451372628034e-16, 1.3254784899064749e-15, 3.845659656276986e-15, 4.0287124341479505e-16, 3.5288042122692843e-15, 4.742842544400074e-16, 0.9999999999336227, 5.256140572072469e-16]"
hMpxV/USA/CA-LACPHL-MA00526/2023|EPI_ISL_18161303|2023-06-09,"[0.0, 0.0, 0.0, 0.0, 0.0, 0.0, 0.0, 0.0, 0.0, 0.0, 0.0, 0.0, 0.0, 0.0, 0.0, 0.0, 0.0, 0.0, 0.0, 0.0, 0.0, 0.0, 0.0, 0.0, 0.0, 0.0, 0.0, 0.0, 0.0, 1.0, 0.0]"
hMpxV/USA/CA-LACPHL-MA00494/2023|EPI_ISL_18161271|2023-04-30,"[0.0, 0.0, 0.0, 0.0, 0.0, 0.0, 0.0, 0.0, 0.0, 0.0, 0.0, 0.0, 0.0, 0.0, 0.0, 0.0, 0.0, 0.0, 0.0, 0.0, 0.0, 0.0, 0.0, 0.0, 0.0, 0.0, 0.0, 0.0, 0.0, 1.0, 0.0]"
hMpxV/USA/CA-LACPHL-MA00492/2023|EPI_ISL_18161269|2023-03-30,"[0.0, 0.0, 0.0, 0.0, 0.0, 0.0, 0.0, 0.0, 0.0, 0.0, 0.0, 0.0, 0.0, 0.0, 0.0, 0.0, 0.0, 0.0, 0.0, 0.0, 0.0, 0.0, 0.0, 0.0, 0.0, 0.0, 0.0, 0.0, 0.0, 1.0, 0.0]"
hMpxV/USA/CA-LACPHL-MA00499/2023|EPI_ISL_18161276|2023-04-30,"[0.0, 0.0, 0.0, 0.0, 0.0, 0.0, 0.0, 0.0, 0.0, 0.0, 0.0, 0.0, 0.0, 0.0, 0.0, 0.0, 0.0, 0.0, 0.0, 0.0, 0.0, 0.0, 0.0, 0.0, 0.0, 0.0, 0.0, 0.0, 0.0, 1.0, 0.0]"
NODE_0000315,"[7.479564441280276e-07, 8.517704640472923e-08, 3.201482743022012e-06, 8.078118550886438e-08, 1.339774433403711e-07, 8.43972204680903e-08, 8.391530775021978e-08, 8.264402783390251e-08, 8.368475527657241e-08, 8.142203682408515e-08, 8.197811276359547e-08, 8.108815779596618e-08, 7.78786298657424e-08, 8.585030771648258e-08, 1.6498493505597945e-07, 1.011566757944141e-06, 5.179657943552309e-07, 8.108815779596858e-08, 8.108815779596703e-08, 7.941863824579083e-08, 3.7961894001486214e-05, 7.96999271428191e-08, 5.815924988235112e-07, 8.122475366387118e-08, 1.4095706715217626e-07, 2.2677688233881714e-07, 7.42856479476802e-08, 2.15248866132368e-07, 7.814030576607689e-08, 0.9999535490975185, 8.273667113939622e-08]"
NODE_0000317,"[5.33929056192492e-07, 7.63093752207468e-08, 1.8157296979863028e-06, 7.456155370846423e-08, 1.0662913322353996e-07, 7.609654985308172e-08, 7.590777297075848e-08, 7.533612145271139e-08, 7.588132701928276e-08, 7.463256469855413e-08, 7.481814516439996e-08, 7.463558174022026e-08, 7.187442224057923e-08, 7.606370668416217e-08, 1.4415054308054356e-07, 6.520702736782041e-07, 4.037100501139135e-07, 7.463558174022378e-08, 7.463558174022212e-08, 7.225730027831278e-08, 1.6634624650656037e-05, 7.374802189152263e-08, 4.3494632877969556e-07, 7.474517099298094e-08, 1.2011552029836666e-07, 1.906146885844432e-07, 6.748626401788378e-08, 1.81858685846961e-07, 7.183909914091891e-08, 0.9999773707503188, 7.540691236136951e-08]"
hMpxV/USA/WA-UW-440651/2023|EPI_ISL_19524788|2023-11-29,"[0.0, 0.0, 0.0, 0.0, 0.0, 0.0, 0.0, 0.0, 0.0, 0.0, 0.0, 0.0, 0.0, 0.0, 0.0, 0.0, 0.0, 0.0, 0.0, 0.0, 0.0, 0.0, 0.0, 0.0, 0.0, 0.0, 0.0, 0.0, 0.0, 1.0, 0.0]"
hMpxV/USA/WA-UW-246476/2024|EPI_ISL_19336733|2024-07-16,"[0.0, 0.0, 0.0, 0.0, 0.0, 0.0, 0.0, 0.0, 0.0, 0.0, 0.0, 0.0, 0.0, 0.0, 0.0, 0.0, 0.0, 0.0, 0.0, 0.0, 0.0, 0.0, 0.0, 0.0, 0.0, 0.0, 0.0, 0.0, 0.0, 1.0, 0.0]"
NODE_0000318,"[1.744023262897118e-09, 2.4501662963884817e-10, 5.573438248482732e-09, 2.413495758419325e-10, 3.3473759217325833e-10, 2.4502275455812784e-10, 2.4476438602155635e-10, 2.4350136905173053e-10, 2.4481511148262485e-10, 2.4146157309625343e-10, 2.422925666104726e-10, 2.418056251866187e-10, 2.3201047890175054e-10, 2.436919904254451e-10, 4.782814821662588e-10, 2.0677474915771185e-09, 1.346667464932544e-09, 2.4180562518690163e-10, 2.4180562518678795e-10, 2.3257582483449638e-10, 4.1849134287667585e-08, 2.3793424508056787e-10, 1.4599839969260692e-09, 2.4197731814967775e-10, 3.890283168158012e-10, 6.314736109087046e-10, 2.1629421839142737e-10, 6.023134901017994e-10, 2.319903268251044e-10, 0.9999999389695065, 2.435489034886849e-10]"
hMpxV/USA/CA-CDPH-1M1000656/2024|EPI_ISL_19367821|2024-06-11,"[0.0, 0.0, 0.0, 0.0, 0.0, 0.0, 0.0, 0.0, 0.0, 0.0, 0.0, 0.0, 0.0, 0.0, 0.0, 0.0, 0.0, 0.0, 0.0, 0.0, 0.0, 0.0, 0.0, 0.0, 0.0, 0.0, 0.0, 0.0, 0.0, 1.0, 0.0]"
hMpxV/USA/CA-CDPH-1M1000639/2024|EPI_ISL_19295782|2024-06-11,"[0.0, 0.0, 0.0, 0.0, 0.0, 0.0, 0.0, 0.0, 0.0, 0.0, 0.0, 0.0, 0.0, 0.0, 0.0, 0.0, 0.0, 0.0, 0.0, 0.0, 0.0, 0.0, 0.0, 0.0, 0.0, 0.0, 0.0, 0.0, 0.0, 1.0, 0.0]"
NODE_0000316,"[4.047466396852015e-09, 2.3953551278236803e-10, 2.2785831512995663e-08, 2.2992551900937742e-10, 3.947343984344546e-10, 2.373408207193847e-10, 2.400258258718113e-10, 2.3591448988034384e-10, 2.3606007488745084e-10, 2.3293323388932415e-10, 2.3844454938989604e-10, 2.340117384123345e-10, 2.1517584636949938e-10, 2.3659976556866447e-10, 6.818636023223365e-10, 5.8158476632011284e-09, 2.8386735542519006e-09, 2.340117384123487e-10, 2.340117384123359e-10, 2.2083883289731496e-10, 6.837210733623405e-07, 2.180729317670284e-10, 3.889936542360729e-09, 2.324882038151377e-10, 4.581316560376969e-10, 9.74308308336828e-10, 1.9454066821535772e-10, 9.13543088057523e-10, 2.1802326727905563e-10, 0.9999992691163507, 2.3428455225180627e-10]"
hMpxV/USA/CA-CDPH-1M1000498/2024|EPI_ISL_19143457|2024-01-26,"[0.0, 0.0, 0.0, 0.0, 0.0, 0.0, 0.0, 0.0, 0.0, 0.0, 0.0, 0.0, 0.0, 0.0, 0.0, 0.0, 0.0, 0.0, 0.0, 0.0, 0.0, 0.0, 0.0, 0.0, 0.0, 0.0, 0.0, 0.0, 0.0, 1.0, 0.0]"
hMpxV/USA/WA-UW-279946/2024|EPI_ISL_19524786|2024-01-17,"[0.0, 0.0, 0.0, 0.0, 0.0, 0.0, 0.0, 0.0, 0.0, 0.0, 0.0, 0.0, 0.0, 0.0, 0.0, 0.0, 0.0, 0.0, 0.0, 0.0, 0.0, 0.0, 0.0, 0.0, 0.0, 0.0, 0.0, 0.0, 0.0, 0.9999999999999999, 0.0]"
hMpxV/USA/IL-RIPHL-050-0163/2024|EPI_ISL_19031635|2024-03-04,"[0.0, 0.0, 0.0, 0.0, 0.0, 0.0, 0.0, 0.0, 0.0, 0.0, 0.0, 0.0, 0.0, 0.0, 0.0, 0.0, 0.0, 0.0, 0.0, 0.0, 0.0, 0.0, 0.0, 0.0, 0.0, 0.0, 0.0, 0.0, 0.0, 1.0, 0.0]"
NODE_0000299,"[1.0178489580466624e-06, 1.2292789169940588e-07, 3.5629570937046434e-06, 1.2002243888908574e-07, 1.753682596810338e-07, 1.2235665198598634e-07, 1.22620613277537e-07, 1.215562349503631e-07, 1.2215993557307362e-07, 1.2039719690738197e-07, 1.212441234195813e-07, 1.205850174398885e-07, 1.1489045082395762e-07, 1.2218300647040954e-07, 2.56400246265445e-07, 1.251730091129022e-06, 7.788083904818792e-07, 1.205850174398921e-07, 1.2058501743988896e-07, 1.1589789654285479e-07, 3.469168629045681e-05, 1.1756420062816524e-07, 8.838248392647797e-07, 1.20498464501793e-07, 2.0174223056474407e-07, 3.434756369817124e-07, 1.068834292206384e-07, 3.265702379972111e-07, 1.1518796319085075e-07, 0.9999542400252851, 1.2141688976315054e-07]"
hMpxV/USA/CA-LACPHL-MA00520/2023|EPI_ISL_18161297|2023-05-23,"[0.0, 0.0, 0.0, 0.0, 0.0, 0.0, 0.0, 0.0, 0.0, 0.0, 0.0, 0.0, 0.0, 0.0, 0.0, 0.0, 0.0, 0.0, 0.0, 0.0, 0.0, 0.0, 0.0, 0.0, 0.0, 0.0, 0.0, 0.0, 0.0, 1.0, 0.0]"
NODE_0000300,"[5.559484440697875e-17, 3.8683050707350015e-19, 1.3026986637109012e-15, 3.521805431091215e-19, 9.875593158881728e-19, 3.7782107012829472e-19, 3.926165771904792e-19, 3.760000802038465e-19, 3.715405155623249e-19, 3.676416949680229e-19, 3.952840217172529e-19, 3.7260812087890293e-19, 3.081374436434823e-19, 3.7543668183369757e-19, 2.7907590337109036e-18, 1.2759476436110944e-16, 3.000337883338391e-17, 3.726081208790559e-19, 3.7260812087891314e-19, 3.3328026101307385e-19, 1.1343852230885256e-12, 3.0338704757599247e-19, 7.239781778677674e-17, 3.6380364088899807e-19, 1.1721974448781057e-18, 4.845977876805638e-18, 2.562765201275498e-19, 4.357366031254124e-18, 3.223071216958978e-19, 0.999999999998864, 3.6700515547167734e-19]"
hMpxV/USA/CA-LACPHL-MA00536/2023|EPI_ISL_18161312|2023-06-28,"[0.0, 0.0, 0.0, 0.0, 0.0, 0.0, 0.0, 0.0, 0.0, 0.0, 0.0, 0.0, 0.0, 0.0, 0.0, 0.0, 0.0, 0.0, 0.0, 0.0, 0.0, 0.0, 0.0, 0.0, 0.0, 0.0, 0.0, 0.0, 0.0, 0.9999999999999999, 0.0]"
hMpxV/USA/CA-LACPHL-MA00556/2023|EPI_ISL_18285971|2023-07-31,"[0.0, 0.0, 0.0, 0.0, 0.0, 0.0, 0.0, 0.0, 0.0, 0.0, 0.0, 0.0, 0.0, 0.0, 0.0, 0.0, 0.0, 0.0, 0.0, 0.0, 0.0, 0.0, 0.0, 0.0, 0.0, 0.0, 0.0, 0.0, 0.0, 1.0, 0.0]"
hMpxV/USA/CA-LACPHL-MA00557/2023|EPI_ISL_18285972|2023-06-29,"[0.0, 0.0, 0.0, 0.0, 0.0, 0.0, 0.0, 0.0, 0.0, 0.0, 0.0, 0.0, 0.0, 0.0, 0.0, 0.0, 0.0, 0.0, 0.0, 0.0, 0.0, 0.0, 0.0, 0.0, 0.0, 0.0, 0.0, 0.0, 0.0, 1.0, 0.0]"
NODE_0000313,"[1.1895408477213897e-10, 4.04908846763912e-12, 1.02046768506298e-09, 3.781629207266614e-12, 7.777506840728557e-12, 3.98235802028806e-12, 4.045122315830602e-12, 3.936803877949494e-12, 3.939890188889139e-12, 3.868326445828541e-12, 4.00835813995492e-12, 3.88478832473285e-12, 3.491442097807975e-12, 4.006417373971975e-12, 1.410474826786423e-11, 1.9939485191611908e-10, 7.570322144848089e-11, 3.884788324733168e-12, 3.88478832473302e-12, 3.650974630861771e-12, 7.585972834251734e-08, 3.512956566470318e-12, 1.1921006177424788e-10, 3.846037858025673e-12, 8.717191584009774e-12, 2.138444482630325e-11, 3.1303548158417768e-12, 1.9827369541324775e-11, 3.567792431984387e-12, 0.9999999224623625, 3.896059454515796e-12]"
hMpxV/USA/CA-CDPH-1M1000409/2023|EPI_ISL_18781837|2023-09-19,"[0.0, 0.0, 0.0, 0.0, 0.0, 0.0, 0.0, 0.0, 0.0, 0.0, 0.0, 0.0, 0.0, 0.0, 0.0, 0.0, 0.0, 0.0, 0.0, 0.0, 0.0, 0.0, 0.0, 0.0, 0.0, 0.0, 0.0, 0.0, 0.0, 1.0, 0.0]"
hMpxV/USA/CA-CDPH-1M1000352/2023|EPI_ISL_18452343|2023-10-04,"[0.0, 0.0, 0.0, 0.0, 0.0, 0.0, 0.0, 0.0, 0.0, 0.0, 0.0, 0.0, 0.0, 0.0, 0.0, 0.0, 0.0, 0.0, 0.0, 0.0, 0.0, 0.0, 0.0, 0.0, 0.0, 0.0, 0.0, 0.0, 0.0, 1.0, 0.0]"
hMpxV/USA/CA-CDPH-1M1000345/2023|EPI_ISL_18452336|2023-09-26,"[0.0, 0.0, 0.0, 0.0, 0.0, 0.0, 0.0, 0.0, 0.0, 0.0, 0.0, 0.0, 0.0, 0.0, 0.0, 0.0, 0.0, 0.0, 0.0, 0.0, 0.0, 0.0, 0.0, 0.0, 0.0, 0.0, 0.0, 0.0, 0.0, 1.0, 0.0]"
hMpxV/USA/CA-LACPHL-MA00552/2023|EPI_ISL_18285966|2023-07-27,"[0.0, 0.0, 0.0, 0.0, 0.0, 0.0, 0.0, 0.0, 0.0, 0.0, 0.0, 0.0, 0.0, 0.0, 0.0, 0.0, 0.0, 0.0, 0.0, 0.0, 0.0, 0.0, 0.0, 0.0, 0.0, 0.0, 0.0, 0.0, 0.0, 1.0, 0.0]"
NODE_0000307,"[3.8509274691877064e-08, 4.065850212437765e-09, 1.4045358774974148e-07, 4.012612966688847e-09, 5.723319686526221e-09, 4.0606667880924534e-09, 4.085365153411496e-09, 4.057115436814032e-09, 4.060708972061653e-09, 4.025026141035524e-09, 4.067713539428284e-09, 4.04389967985233e-09, 3.81078691429127e-09, 4.013094467761005e-09, 9.319194454614428e-09, 4.7231304570164246e-08, 2.9757267842189827e-08, 4.0438996798526025e-09, 4.0438996798523535e-09, 3.835948571987594e-09, 1.6297645150733352e-06, 3.891668973575238e-09, 3.519011006555025e-08, 4.032963036383126e-09, 6.872822532318985e-09, 1.2533322886271668e-08, 3.4809503943443413e-09, 1.1889848189968616e-08, 3.827047920687728e-09, 0.9999979572518239, 4.04438981731249e-09]"
hMpxV/USA/CA-NLACPHL-MA00561/2023|EPI_ISL_18386999|2023-08-09,"[0.0, 0.0, 0.0, 0.0, 0.0, 0.0, 0.0, 0.0, 0.0, 0.0, 0.0, 0.0, 0.0, 0.0, 0.0, 0.0, 0.0, 0.0, 0.0, 0.0, 0.0, 0.0, 0.0, 0.0, 0.0, 0.0, 0.0, 0.0, 0.0, 1.0, 0.0]"
NODE_0000308,"[5.21387255761213e-09, 5.076080280304831e-10, 1.9621362950271692e-08, 5.038803656337456e-10, 7.100719034771251e-10, 5.078868270735537e-10, 5.121168233123133e-10, 5.0902800044654e-10, 5.083109652833993e-10, 5.054565635629036e-10, 5.118724136787153e-10, 5.087208787609662e-10, 4.763702991479394e-10, 4.990223497287166e-10, 1.228625340996505e-09, 6.402209186394969e-09, 4.045567280810103e-09, 5.087208787610017e-10, 5.087208787609735e-10, 4.790065438606424e-10, 2.615701065424459e-07, 4.859133400701299e-10, 4.906406079978787e-09, 5.067682973856822e-10, 8.730107135530456e-10, 1.656829725682741e-09, 4.3063200625256075e-10, 1.5696287689101879e-09, 4.788723589541243e-10, 0.9999996827465486, 5.068525000602876e-10]"
hMpxV/USA/CA-LACPHL-MA00590/2023|EPI_ISL_18993207|2023-08-10,"[0.0, 0.0, 0.0, 0.0, 0.0, 0.0, 0.0, 0.0, 0.0, 0.0, 0.0, 0.0, 0.0, 0.0, 0.0, 0.0, 0.0, 0.0, 0.0, 0.0, 0.0, 0.0, 0.0, 0.0, 0.0, 0.0, 0.0, 0.0, 0.0, 1.0, 0.0]"
NODE_0000309,"[5.75539994240963e-22, 8.857338926364099e-25, 3.573633892269403e-20, 7.831976067099919e-25, 3.007054482120816e-24, 8.584499281462048e-25, 9.105242441998343e-25, 8.579017872192683e-25, 8.386853840312537e-25, 8.341423592597646e-25, 9.287135078955838e-25, 8.519160132032191e-25, 6.521227841033793e-25, 8.463365793505805e-25, 1.2572323297853382e-23, 1.8015522664741612e-21, 2.62431269831749e-22, 8.519160132036205e-25, 8.519160132030981e-25, 7.296185131174578e-25, 3.2390164162108786e-16, 6.290401285700568e-25, 9.46619108697203e-22, 8.212134309884449e-25, 3.71527422377725e-24, 2.492885466484738e-23, 5.0766515089922825e-25, 2.1767928629143554e-23, 6.974768475784464e-25, 0.9999999999999996, 8.267940649378117e-25]"
hMpxV/USA/CA-CDPH-1M1000408/2023|EPI_ISL_18781836|2023-09-29,"[0.0, 0.0, 0.0, 0.0, 0.0, 0.0, 0.0, 0.0, 0.0, 0.0, 0.0, 0.0, 0.0, 0.0, 0.0, 0.0, 0.0, 0.0, 0.0, 0.0, 0.0, 0.0, 0.0, 0.0, 0.0, 0.0, 0.0, 0.0, 0.0, 1.0, 0.0]"
hMpxV/USA/CA-LACPHL-MA00589/2023|EPI_ISL_18993199|2023-09-08,"[0.0, 0.0, 0.0, 0.0, 0.0, 0.0, 0.0, 0.0, 0.0, 0.0, 0.0, 0.0, 0.0, 0.0, 0.0, 0.0, 0.0, 0.0, 0.0, 0.0, 0.0, 0.0, 0.0, 0.0, 0.0, 0.0, 0.0, 0.0, 0.0, 0.9999999999999999, 0.0]"
hMpxV/USA/CA-CDPH-1M1000335/2023|EPI_ISL_18399143|2023-08-18,"[0.0, 0.0, 0.0, 0.0, 0.0, 0.0, 0.0, 0.0, 0.0, 0.0, 0.0, 0.0, 0.0, 0.0, 0.0, 0.0, 0.0, 0.0, 0.0, 0.0, 0.0, 0.0, 0.0, 0.0, 0.0, 0.0, 0.0, 0.0, 0.0, 1.0, 0.0]"
hMpxV/USA/CA-CDPH-1M1000358/2023|EPI_ISL_18786341|2023-09-18,"[0.0, 0.0, 0.0, 0.0, 0.0, 0.0, 0.0, 0.0, 0.0, 0.0, 0.0, 0.0, 0.0, 0.0, 0.0, 0.0, 0.0, 0.0, 0.0, 0.0, 0.0, 0.0, 0.0, 0.0, 0.0, 0.0, 0.0, 0.0, 0.0, 0.9999999999999999, 0.0]"
hMpxV/USA/CA-CDPH-1M1000359/2023|EPI_ISL_18786342|2023-09-18,"[0.0, 0.0, 0.0, 0.0, 0.0, 0.0, 0.0, 0.0, 0.0, 0.0, 0.0, 0.0, 0.0, 0.0, 0.0, 0.0, 0.0, 0.0, 0.0, 0.0, 0.0, 0.0, 0.0, 0.0, 0.0, 0.0, 0.0, 0.0, 0.0, 0.9999999999999999, 0.0]"
hMpxV/USA/CA-CDPH-1M1000366/2023|EPI_ISL_18786351|2023-09-21,"[0.0, 0.0, 0.0, 0.0, 0.0, 0.0, 0.0, 0.0, 0.0, 0.0, 0.0, 0.0, 0.0, 0.0, 0.0, 0.0, 0.0, 0.0, 0.0, 0.0, 0.0, 0.0, 0.0, 0.0, 0.0, 0.0, 0.0, 0.0, 0.0, 1.0, 0.0]"
NODE_0000310,"[3.6286253770395005e-15, 1.5879025814745743e-16, 2.2277834743159447e-14, 1.563680779260695e-16, 2.5289225254490767e-16, 1.5864194882481682e-16, 1.6185434362114116e-16, 1.5979524671912401e-16, 1.584031984129785e-16, 1.583829811015953e-16, 1.6343218005005113e-16, 1.6026426449126632e-16, 1.4372210062685418e-16, 1.5436858968220834e-16, 5.600699941063438e-16, 5.164868584413105e-15, 2.6057738785818595e-15, 1.6026426449152229e-16, 1.6026426449137903e-16, 1.4670129493157629e-16, 9.661469984661833e-13, 1.4500069267789113e-16, 3.9145720312480715e-15, 1.5850272813624076e-16, 3.247267265340866e-16, 8.070971530751688e-16, 1.245835438620776e-16, 7.529974797308841e-16, 1.4616881202084496e-16, 0.9999999999989907, 1.579731174655291e-16]"
hMpxV/USA/CA-LACPHL-MA00593/2023|EPI_ISL_18993210|2023-08-18,"[0.0, 0.0, 0.0, 0.0, 0.0, 0.0, 0.0, 0.0, 0.0, 0.0, 0.0, 0.0, 0.0, 0.0, 0.0, 0.0, 0.0, 0.0, 0.0, 0.0, 0.0, 0.0, 0.0, 0.0, 0.0, 0.0, 0.0, 0.0, 0.0, 1.0, 0.0]"
hMpxV/USA/CA-CDPH-1M1000334/2023|EPI_ISL_18399142|2023-08-18,"[0.0, 0.0, 0.0, 0.0, 0.0, 0.0, 0.0, 0.0, 0.0, 0.0, 0.0, 0.0, 0.0, 0.0, 0.0, 0.0, 0.0, 0.0, 0.0, 0.0, 0.0, 0.0, 0.0, 0.0, 0.0, 0.0, 0.0, 0.0, 0.0, 1.0, 0.0]"
hMpxV/USA/CA-CDPH-1M1000337/2023|EPI_ISL_18399145|2023-08-21,"[0.0, 0.0, 0.0, 0.0, 0.0, 0.0, 0.0, 0.0, 0.0, 0.0, 0.0, 0.0, 0.0, 0.0, 0.0, 0.0, 0.0, 0.0, 0.0, 0.0, 0.0, 0.0, 0.0, 0.0, 0.0, 0.0, 0.0, 0.0, 0.0, 1.0, 0.0]"
NODE_0000311,"[2.3300042500171334e-08, 2.4600407630688775e-09, 8.485740937850929e-08, 2.428715681913364e-09, 3.4594015862889403e-09, 2.4572884410685995e-09, 2.4722834180102394e-09, 2.455438034719155e-09, 2.4574387558362937e-09, 2.4361339950071345e-09, 2.4620083017611988e-09, 2.4476963952927577e-09, 2.306353034109827e-09, 2.4278515689029606e-09, 5.642860678317951e-09, 2.8554002759150453e-08, 1.8012060085155166e-08, 2.4476963952930075e-09, 2.447696395292641e-09, 2.3212335578750355e-09, 9.775372073484498e-07, 2.355290158105322e-09, 2.1297428812987033e-08, 2.4410365484666175e-09, 4.158829075939625e-09, 7.587972215133403e-09, 2.1060553235762483e-09, 7.198473503362175e-09, 2.3161799179996256e-09, 0.9999987727001831, 2.447692316952918e-09]"
hMpxV/USA/CA-CDPH-1M1000370/2023|EPI_ISL_18786357|2023-09-29,"[0.0, 0.0, 0.0, 0.0, 0.0, 0.0, 0.0, 0.0, 0.0, 0.0, 0.0, 0.0, 0.0, 0.0, 0.0, 0.0, 0.0, 0.0, 0.0, 0.0, 0.0, 0.0, 0.0, 0.0, 0.0, 0.0, 0.0, 0.0, 0.0, 1.0, 0.0]"
NODE_0000312,"[6.352895175281875e-10, 6.164897978095437e-11, 2.386368485160508e-09, 6.12448012344041e-11, 8.608354965807924e-11, 6.170115350482193e-11, 6.222374507033689e-11, 6.186042863271727e-11, 6.176056736792793e-11, 6.143310714109379e-11, 6.222008665876115e-11, 6.183978753562783e-11, 5.788189209179444e-11, 6.058650284757165e-11, 1.4975129321523368e-10, 7.789000267548068e-10, 4.93456837640287e-10, 6.183978753566751e-11, 6.183978753564754e-11, 5.8186831434222725e-11, 3.1531174599168014e-08, 5.903774631485529e-11, 5.989278928343948e-10, 6.159761926168199e-11, 1.0612646237866409e-10, 2.019192398753867e-10, 5.22770153850393e-11, 1.9128426049472283e-10, 5.818817862311462e-11, 0.9999999616917585, 6.15911463721036e-11]"
hMpxV/USA/CA-CDPH-1M1000449/2023|EPI_ISL_18781636|2023-10-10,"[0.0, 0.0, 0.0, 0.0, 0.0, 0.0, 0.0, 0.0, 0.0, 0.0, 0.0, 0.0, 0.0, 0.0, 0.0, 0.0, 0.0, 0.0, 0.0, 0.0, 0.0, 0.0, 0.0, 0.0, 0.0, 0.0, 0.0, 0.0, 0.0, 1.0, 0.0]"
hMpxV/USA/CA-CDPH-1M1000371/2023|EPI_ISL_18786358|2023-09-29,"[0.0, 0.0, 0.0, 0.0, 0.0, 0.0, 0.0, 0.0, 0.0, 0.0, 0.0, 0.0, 0.0, 0.0, 0.0, 0.0, 0.0, 0.0, 0.0, 0.0, 0.0, 0.0, 0.0, 0.0, 0.0, 0.0, 0.0, 0.0, 0.0, 1.0, 0.0]"
NODE_0000301,"[3.1544853801299354e-08, 3.6763123962199774e-09, 1.1148465597908642e-07, 3.602010058250634e-09, 5.2164208874802305e-09, 3.6635967406804776e-09, 3.675345658075661e-09, 3.645824443397733e-09, 3.6595455941817788e-09, 3.6129468250185816e-09, 3.6418219108852906e-09, 3.6219289433143137e-09, 3.4403108575669853e-09, 3.646546729404602e-09, 7.870478081792971e-09, 3.8723626379785165e-08, 2.421064158403779e-08, 3.6219289433164776e-09, 3.621928943315585e-09, 3.4675274944568757e-09, 1.1328660666351294e-06, 3.5185044167840372e-09, 2.777348599873619e-08, 3.6173500637519225e-09, 6.081110081734955e-09, 1.0551757960138738e-08, 3.1832755327241576e-09, 1.002667827868859e-08, 3.4506623881529113e-09, 0.999998525643221, 3.639635455418159e-09]"
hMpxV/USA/CA-CDPH-11000324/2023|EPI_ISL_18323794|2023-08-21,"[0.0, 0.0, 0.0, 0.0, 0.0, 0.0, 0.0, 0.0, 0.0, 0.0, 0.0, 0.0, 0.0, 0.0, 0.0, 0.0, 0.0, 0.0, 0.0, 0.0, 0.0, 0.0, 0.0, 0.0, 0.0, 0.0, 0.0, 0.0, 0.0, 1.0, 0.0]"
NODE_0000302,"[2.422163705395988e-28, 4.512273574450135e-32, 6.181746486554276e-26, 3.785278663467035e-32, 2.3630904561149554e-31, 4.3127061925504994e-32, 4.696498376837123e-32, 4.313009391910488e-32, 4.1655227593051633e-32, 4.152816625066245e-32, 4.8528125341074714e-32, 4.2775640209791453e-32, 2.950176559835591e-32, 4.2394285632484354e-32, 1.5968223230883753e-30, 1.206890084471211e-27, 8.494021313525928e-29, 4.2775640209822145e-32, 4.277564020980726e-32, 3.4763078840401137e-32, 1.5622483582729984e-20, 2.76588652922166e-32, 5.345714938269663e-28, 4.053809442859809e-32, 2.97949193940301e-31, 3.8403901856126334e-30, 2.116438397086376e-32, 3.21771480277233e-30, 3.255805171061824e-32, 1.0, 4.0868184964804184e-32]"
hMpxV/USA/CA-CDPH-1M1000422/2023|EPI_ISL_18781806|2023-10-13,"[0.0, 0.0, 0.0, 0.0, 0.0, 0.0, 0.0, 0.0, 0.0, 0.0, 0.0, 0.0, 0.0, 0.0, 0.0, 0.0, 0.0, 0.0, 0.0, 0.0, 0.0, 0.0, 0.0, 0.0, 0.0, 0.0, 0.0, 0.0, 0.0, 1.0, 0.0]"
hMpxV/USA/CA-CDPH-1M1000428/2023|EPI_ISL_18781812|2023-09-28,"[0.0, 0.0, 0.0, 0.0, 0.0, 0.0, 0.0, 0.0, 0.0, 0.0, 0.0, 0.0, 0.0, 0.0, 0.0, 0.0, 0.0, 0.0, 0.0, 0.0, 0.0, 0.0, 0.0, 0.0, 0.0, 0.0, 0.0, 0.0, 0.0, 0.9999999999999999, 0.0]"
hMpxV/USA/CA-CDPH-1M1000427/2023|EPI_ISL_18781811|2023-10-03,"[0.0, 0.0, 0.0, 0.0, 0.0, 0.0, 0.0, 0.0, 0.0, 0.0, 0.0, 0.0, 0.0, 0.0, 0.0, 0.0, 0.0, 0.0, 0.0, 0.0, 0.0, 0.0, 0.0, 0.0, 0.0, 0.0, 0.0, 0.0, 0.0, 1.0, 0.0]"
hMpxV/USA/CA-CDPH-1M1000342/2023|EPI_ISL_18452333|2023-09-25,"[0.0, 0.0, 0.0, 0.0, 0.0, 0.0, 0.0, 0.0, 0.0, 0.0, 0.0, 0.0, 0.0, 0.0, 0.0, 0.0, 0.0, 0.0, 0.0, 0.0, 0.0, 0.0, 0.0, 0.0, 0.0, 0.0, 0.0, 0.0, 0.0, 1.0, 0.0]"
hMpxV/USA/CA-CDPH-1M1000401/2023|EPI_ISL_18781925|2023-11-06,"[0.0, 0.0, 0.0, 0.0, 0.0, 0.0, 0.0, 0.0, 0.0, 0.0, 0.0, 0.0, 0.0, 0.0, 0.0, 0.0, 0.0, 0.0, 0.0, 0.0, 0.0, 0.0, 0.0, 0.0, 0.0, 0.0, 0.0, 0.0, 0.0, 0.9999999999999999, 0.0]"
hMpxV/USA/CA-CDPH-1M1000444/2023|EPI_ISL_18781631|2023-11-09,"[0.0, 0.0, 0.0, 0.0, 0.0, 0.0, 0.0, 0.0, 0.0, 0.0, 0.0, 0.0, 0.0, 0.0, 0.0, 0.0, 0.0, 0.0, 0.0, 0.0, 0.0, 0.0, 0.0, 0.0, 0.0, 0.0, 0.0, 0.0, 0.0, 1.0, 0.0]"
hMpxV/USA/CA-CDPH-1M1000551/2023|EPI_ISL_19170480|2023-11-03,"[0.0, 0.0, 0.0, 0.0, 0.0, 0.0, 0.0, 0.0, 0.0, 0.0, 0.0, 0.0, 0.0, 0.0, 0.0, 0.0, 0.0, 0.0, 0.0, 0.0, 0.0, 0.0, 0.0, 0.0, 0.0, 0.0, 0.0, 0.0, 0.0, 1.0, 0.0]"
hMpxV/USA/CA-CDPH-1M1000619/2023|EPI_ISL_19295764|2023-10-10,"[0.0, 0.0, 0.0, 0.0, 0.0, 0.0, 0.0, 0.0, 0.0, 0.0, 0.0, 0.0, 0.0, 0.0, 0.0, 0.0, 0.0, 0.0, 0.0, 0.0, 0.0, 0.0, 0.0, 0.0, 0.0, 0.0, 0.0, 0.0, 0.0, 1.0, 0.0]"
hMpxV/USA/CA-CDPH-1M1000365/2023|EPI_ISL_18786350|2023-09-22,"[0.0, 0.0, 0.0, 0.0, 0.0, 0.0, 0.0, 0.0, 0.0, 0.0, 0.0, 0.0, 0.0, 0.0, 0.0, 0.0, 0.0, 0.0, 0.0, 0.0, 0.0, 0.0, 0.0, 0.0, 0.0, 0.0, 0.0, 0.0, 0.0, 1.0, 0.0]"
NODE_0000306,"[1.088517560423763e-08, 1.2333738841335867e-09, 3.870591653077171e-08, 1.2127543070816799e-09, 1.7388073199059888e-09, 1.2306905735580647e-09, 1.235686814076242e-09, 1.2266590320464773e-09, 1.2299278234680477e-09, 1.216232526208739e-09, 1.2268888496318973e-09, 1.220295919856858e-09, 1.156081173986672e-09, 1.2210941114127567e-09, 2.6990176693881686e-09, 1.3325470380397543e-08, 8.379525890647731e-09, 1.220295919857596e-09, 1.2202959198572816e-09, 1.1640508412496426e-09, 4.0585759348533983e-07, 1.1818621618454439e-09, 9.694267302066242e-09, 1.2181962266519295e-09, 2.052922746900136e-09, 3.6195525305974517e-09, 1.064412267628833e-09, 3.437972072090595e-09, 1.1599047233319416e-09, 0.9999994767410684, 1.2240069847225873e-09]"
hMpxV/USA/CA-CDPH-1M1000483/2023|EPI_ISL_19143445|2023-12-08,"[0.0, 0.0, 0.0, 0.0, 0.0, 0.0, 0.0, 0.0, 0.0, 0.0, 0.0, 0.0, 0.0, 0.0, 0.0, 0.0, 0.0, 0.0, 0.0, 0.0, 0.0, 0.0, 0.0, 0.0, 0.0, 0.0, 0.0, 0.0, 0.0, 0.9999999999999999, 0.0]"
hMpxV/USA/CA-CDPH-1M1000499/2023|EPI_ISL_19143476|2023-11-29,"[0.0, 0.0, 0.0, 0.0, 0.0, 0.0, 0.0, 0.0, 0.0, 0.0, 0.0, 0.0, 0.0, 0.0, 0.0, 0.0, 0.0, 0.0, 0.0, 0.0, 0.0, 0.0, 0.0, 0.0, 0.0, 0.0, 0.0, 0.0, 0.0, 1.0, 0.0]"
NODE_0000303,"[1.460794996506821e-08, 1.4577575998476675e-09, 5.410199720135535e-08, 1.4455051441392651e-09, 2.0393251611219292e-09, 1.4580856084860655e-09, 1.4694153736661004e-09, 1.4604383400476005e-09, 1.4591605045420881e-09, 1.4499300811668149e-09, 1.4675166413332285e-09, 1.4586976313529421e-09, 1.3681475775697585e-09, 1.4345275834591386e-09, 3.4787274215508256e-09, 1.7881524853674875e-08, 1.1340522682796515e-08, 1.4586976313530368e-09, 1.458697631352985e-09, 1.375822107309937e-09, 6.682595420928397e-07, 1.3959956283901383e-09, 1.3642498472352508e-08, 1.4535105713728896e-09, 2.4953066059759307e-09, 4.685734578164747e-09, 1.2399065983594747e-09, 4.4410240429424215e-09, 1.3749580286596166e-09, 0.9999991758844647, 1.4546118977443277e-09]"
hMpxV/USA/CA-CDPH-1M1000426/2023|EPI_ISL_18781810|2023-10-11,"[0.0, 0.0, 0.0, 0.0, 0.0, 0.0, 0.0, 0.0, 0.0, 0.0, 0.0, 0.0, 0.0, 0.0, 0.0, 0.0, 0.0, 0.0, 0.0, 0.0, 0.0, 0.0, 0.0, 0.0, 0.0, 0.0, 0.0, 0.0, 0.0, 1.0, 0.0]"
NODE_0000304,"[1.7620310332955268e-18, 1.0600142754846587e-20, 4.3068704135823224e-17, 9.778868482521627e-21, 2.6555056701952762e-20, 1.0398947770982534e-20, 1.0851729855007228e-20, 1.0417718089338606e-20, 1.0246489774682389e-20, 1.0206095718099923e-20, 1.1015721568635651e-20, 1.0380994362737544e-20, 8.48093652898897e-21, 1.0207567385550695e-20, 8.488412479309664e-20, 4.021183816490114e-18, 9.620086434328806e-19, 1.038099436274465e-20, 1.0380994362741014e-20, 9.145113968273829e-21, 4.53703191510006e-14, 8.332235241124184e-21, 2.426636331460942e-18, 1.0113560823918643e-20, 3.3171427474771845e-20, 1.4793750100116937e-19, 6.908003633063992e-21, 1.327054871826546e-19, 8.886542080393841e-21, 0.9999999999999546, 1.0146165315608182e-20]"
hMpxV/USA/CA-CDPH-1M1000419/2023|EPI_ISL_18781848|2023-10-11,"[0.0, 0.0, 0.0, 0.0, 0.0, 0.0, 0.0, 0.0, 0.0, 0.0, 0.0, 0.0, 0.0, 0.0, 0.0, 0.0, 0.0, 0.0, 0.0, 0.0, 0.0, 0.0, 0.0, 0.0, 0.0, 0.0, 0.0, 0.0, 0.0, 1.0, 0.0]"
hMpxV/USA/CA-CDPH-1M1000356/2023|EPI_ISL_18452347|2023-10-03,"[0.0, 0.0, 0.0, 0.0, 0.0, 0.0, 0.0, 0.0, 0.0, 0.0, 0.0, 0.0, 0.0, 0.0, 0.0, 0.0, 0.0, 0.0, 0.0, 0.0, 0.0, 0.0, 0.0, 0.0, 0.0, 0.0, 0.0, 0.0, 0.0, 1.0, 0.0]"
hMpxV/USA/CA-CDPH-1M1000465/2023|EPI_ISL_18959322|2023-12-12,"[0.0, 0.0, 0.0, 0.0, 0.0, 0.0, 0.0, 0.0, 0.0, 0.0, 0.0, 0.0, 0.0, 0.0, 0.0, 0.0, 0.0, 0.0, 0.0, 0.0, 0.0, 0.0, 0.0, 0.0, 0.0, 0.0, 0.0, 0.0, 0.0, 1.0, 0.0]"
hMpxV/USA/CA-CDPH-1M1000438/2023|EPI_ISL_18781627|2023-11-02,"[0.0, 0.0, 0.0, 0.0, 0.0, 0.0, 0.0, 0.0, 0.0, 0.0, 0.0, 0.0, 0.0, 0.0, 0.0, 0.0, 0.0, 0.0, 0.0, 0.0, 0.0, 0.0, 0.0, 0.0, 0.0, 0.0, 0.0, 0.0, 0.0, 1.0, 0.0]"
hMpxV/USA/CA-CDPH-1M1000421/2023|EPI_ISL_19170459|2023-10-06,"[0.0, 0.0, 0.0, 0.0, 0.0, 0.0, 0.0, 0.0, 0.0, 0.0, 0.0, 0.0, 0.0, 0.0, 0.0, 0.0, 0.0, 0.0, 0.0, 0.0, 0.0, 0.0, 0.0, 0.0, 0.0, 0.0, 0.0, 0.0, 0.0, 1.0, 0.0]"
NODE_0000305,"[2.9830850500617064e-09, 2.0143988191202342e-10, 1.2431520383562417e-08, 1.9328105597608113e-10, 3.2813266333453575e-10, 1.9918213810827568e-10, 2.00628651644144e-10, 1.9720376025715145e-10, 1.986113371986303e-10, 1.9403489155382458e-10, 2.5915482636697714e-10, 1.9441186273518854e-10, 1.8391674509208138e-10, 2.0011492986452305e-10, 6.9479278602671955e-09, 3.736163305662142e-09, 1.8667506481933013e-09, 1.9441186273530474e-10, 1.9441186273525606e-10, 1.838178985381243e-10, 3.3904872046682873e-07, 2.2590432779414345e-10, 2.6502459464706358e-09, 1.9384916119898523e-10, 4.33112895780019e-10, 7.015772877607417e-10, 6.387867502296778e-10, 6.642421920120547e-10, 3.4351144398525123e-10, 0.9999996238153307, 1.9651725855146742e-10]"
hMpxV/USA/CA-CDPH-1M1000475/2024|EPI_ISL_19143469|2024-02-10,"[0.0, 0.0, 0.0, 0.0, 0.0, 0.0, 0.0, 0.0, 0.0, 0.0, 0.0, 0.0, 0.0, 0.0, 0.0, 0.0, 0.0, 0.0, 0.0, 0.0, 0.0, 0.0, 0.0, 0.0, 0.0, 0.0, 0.0, 0.0, 0.0, 1.0, 0.0]"
hMpxV/USA/CA-CDPH-1M1000479/2024|EPI_ISL_19143473|2024-02-13,"[0.0, 0.0, 0.0, 0.0, 0.0, 0.0, 0.0, 0.0, 0.0, 0.0, 0.0, 0.0, 0.0, 0.0, 0.0, 0.0, 0.0, 0.0, 0.0, 0.0, 0.0, 0.0, 0.0, 0.0, 0.0, 0.0, 0.0, 0.0, 0.0, 1.0, 0.0]"
hMpxV/Japan/TMIPH-0002/2024|EPI_ISL_19151801|2024-04-06,"[0.0, 0.0, 0.0, 0.0, 0.0, 0.0, 0.0, 0.0, 0.0, 0.0, 0.0, 0.0, 0.0, 0.0, 0.9999999999999999, 0.0, 0.0, 0.0, 0.0, 0.0, 0.0, 0.0, 0.0, 0.0, 0.0, 0.0, 0.0, 0.0, 0.0, 0.0, 0.0]"
hMpxV/USA/IL-RIPHL-050-0134/2023|EPI_ISL_19016764|2023-10-31,"[0.0, 0.0, 0.0, 0.0, 0.0, 0.0, 0.0, 0.0, 0.0, 0.0, 0.0, 0.0, 0.0, 0.0, 0.0, 0.0, 0.0, 0.0, 0.0, 0.0, 0.0, 0.0, 0.0, 0.0, 0.0, 0.0, 0.0, 0.0, 0.0, 1.0, 0.0]"
NODE_0000156,"[8.777455260363814e-08, 9.438768458672364e-09, 3.182668041203561e-07, 9.297744317190029e-09, 1.3326657147392497e-08, 9.420475583025156e-09, 9.472896675714747e-09, 9.40402818211869e-09, 9.418198950527058e-09, 9.327056552789593e-09, 9.421482835071694e-09, 9.366289564582962e-09, 8.840154428782355e-09, 9.32629654245106e-09, 2.1349658878495512e-08, 1.0773272542094459e-07, 6.773329744303949e-08, 9.366289564583594e-09, 9.36628956458306e-09, 8.90280024424164e-09, 3.588659704952218e-06, 9.03016731701438e-09, 7.964969731008501e-08, 9.34351950861583e-09, 1.58921956928545e-08, 2.870161766493099e-08, 8.097881350683402e-09, 2.723595470384924e-08, 8.876094885261251e-09, 0.9999954685835605, 9.377139103614197e-09]"
hMpxV/USA/IL-RIPHL-050-0058/2023|EPI_ISL_17821100|2023-05-17,"[0.0, 0.0, 0.0, 0.0, 0.0, 0.0, 0.0, 0.0, 0.0, 0.0, 0.0, 0.0, 0.0, 0.0, 0.0, 0.0, 0.0, 0.0, 0.0, 0.0, 0.0, 0.0, 0.0, 0.0, 0.0, 0.0, 0.0, 0.0, 0.0, 1.0, 0.0]"
NODE_0000157,"[1.2573144772291285e-51, 3.1813370980011547e-59, 2.66806212919557e-46, 1.8217567323239722e-59, 1.6776341347712404e-57, 2.770044142182639e-59, 3.2410129994328935e-59, 2.5778295689403204e-59, 2.4676086449824875e-59, 2.3165051014931706e-59, 3.295432817352168e-59, 2.3950934298797966e-59, 1.1271698943570216e-59, 3.009817115571429e-59, 3.2038850393333686e-56, 6.787952112578383e-50, 9.58932662044421e-53, 2.395093429881665e-59, 2.395093429880613e-59, 1.749257404959453e-59, 1.400450879604601e-34, 9.46605343641832e-60, 5.572808631087268e-51, 2.142129493743412e-59, 1.4000422948679986e-57, 1.9415971489052104e-55, 6.678453424925392e-60, 1.57897478454836e-55, 1.420534095264149e-59, 0.9999999999999999, 2.305169019234211e-59]"
hMpxV/USA/CA-CDPH-1M1000346/2023|EPI_ISL_18452337|2023-09-30,"[0.0, 0.0, 0.0, 0.0, 0.0, 0.0, 0.0, 0.0, 0.0, 0.0, 0.0, 0.0, 0.0, 0.0, 0.0, 0.0, 0.0, 0.0, 0.0, 0.0, 0.0, 0.0, 0.0, 0.0, 0.0, 0.0, 0.0, 0.0, 0.0, 1.0, 0.0]"
hMpxV/USA/IL-RIPHL-050-0057/2023|EPI_ISL_17821099|2023-05-18,"[0.0, 0.0, 0.0, 0.0, 0.0, 0.0, 0.0, 0.0, 0.0, 0.0, 0.0, 0.0, 0.0, 0.0, 0.0, 0.0, 0.0, 0.0, 0.0, 0.0, 0.0, 0.0, 0.0, 0.0, 0.0, 0.0, 0.0, 0.0, 0.0, 1.0, 0.0]"
hMpxV/USA/IL-RIPHL-052-0038/2023|EPI_ISL_17821097|2023-05-11,"[0.0, 0.0, 0.0, 0.0, 0.0, 0.0, 0.0, 0.0, 0.0, 0.0, 0.0, 0.0, 0.0, 0.0, 0.0, 0.0, 0.0, 0.0, 0.0, 0.0, 0.0, 0.0, 0.0, 0.0, 0.0, 0.0, 0.0, 0.0, 0.0, 1.0, 0.0]"
hMpxV/USA/CA-LACPHL-MA00529/2023|EPI_ISL_18161306|2023-07-03,"[0.0, 0.0, 0.0, 0.0, 0.0, 0.0, 0.0, 0.0, 0.0, 0.0, 0.0, 0.0, 0.0, 0.0, 0.0, 0.0, 0.0, 0.0, 0.0, 0.0, 0.0, 0.0, 0.0, 0.0, 0.0, 0.0, 0.0, 0.0, 0.0, 1.0, 0.0]"
hMpxV/USA/CA-LACPHL-MA00544/2023|EPI_ISL_18161320|2023-06-28,"[0.0, 0.0, 0.0, 0.0, 0.0, 0.0, 0.0, 0.0, 0.0, 0.0, 0.0, 0.0, 0.0, 0.0, 0.0, 0.0, 0.0, 0.0, 0.0, 0.0, 0.0, 0.0, 0.0, 0.0, 0.0, 0.0, 0.0, 0.0, 0.0, 1.0, 0.0]"
hMpxV/USA/CA-LACPHL-MA00527/2023|EPI_ISL_18161304|2023-06-07,"[0.0, 0.0, 0.0, 0.0, 0.0, 0.0, 0.0, 0.0, 0.0, 0.0, 0.0, 0.0, 0.0, 0.0, 0.0, 0.0, 0.0, 0.0, 0.0, 0.0, 0.0, 0.0, 0.0, 0.0, 0.0, 0.0, 0.0, 0.0, 0.0, 1.0, 0.0]"
hMpxV/USA/IL-RIPHL-050-0059/2023|EPI_ISL_17821101|2023-05-23,"[0.0, 0.0, 0.0, 0.0, 0.0, 0.0, 0.0, 0.0, 0.0, 0.0, 0.0, 0.0, 0.0, 0.0, 0.0, 0.0, 0.0, 0.0, 0.0, 0.0, 0.0, 0.0, 0.0, 0.0, 0.0, 0.0, 0.0, 0.0, 0.0, 1.0, 0.0]"
hMpxV/USA/IL-RIPHL-04-0075/2023|EPI_ISL_18137802|2023-06-22,"[0.0, 0.0, 0.0, 0.0, 0.0, 0.0, 0.0, 0.0, 0.0, 0.0, 0.0, 0.0, 0.0, 0.0, 0.0, 0.0, 0.0, 0.0, 0.0, 0.0, 0.0, 0.0, 0.0, 0.0, 0.0, 0.0, 0.0, 0.0, 0.0, 0.9999999999999999, 0.0]"
hMpxV/USA/IL-RIPHL-04-0019/2023|EPI_ISL_18137814|2023-04-20,"[0.0, 0.0, 0.0, 0.0, 0.0, 0.0, 0.0, 0.0, 0.0, 0.0, 0.0, 0.0, 0.0, 0.0, 0.0, 0.0, 0.0, 0.0, 0.0, 0.0, 0.0, 0.0, 0.0, 0.0, 0.0, 0.0, 0.0, 0.0, 0.0, 1.0, 0.0]"
hMpxV/USA/IL-RIPHL-052-0079/2023|EPI_ISL_18137805|2023-07-02,"[0.0, 0.0, 0.0, 0.0, 0.0, 0.0, 0.0, 0.0, 0.0, 0.0, 0.0, 0.0, 0.0, 0.0, 0.0, 0.0, 0.0, 0.0, 0.0, 0.0, 0.0, 0.0, 0.0, 0.0, 0.0, 0.0, 0.0, 0.0, 0.0, 0.9999999999999999, 0.0]"
hMpxV/USA/IL-RIPHL-04-0022/2023|EPI_ISL_18137816|2023-05-04,"[0.0, 0.0, 0.0, 0.0, 0.0, 0.0, 0.0, 0.0, 0.0, 0.0, 0.0, 0.0, 0.0, 0.0, 0.0, 0.0, 0.0, 0.0, 0.0, 0.0, 0.0, 0.0, 0.0, 0.0, 0.0, 0.0, 0.0, 0.0, 0.0, 1.0, 0.0]"
hMpxV/USA/IL-RIPHL-050-0087/2023|EPI_ISL_18137812|2023-07-12,"[0.0, 0.0, 0.0, 0.0, 0.0, 0.0, 0.0, 0.0, 0.0, 0.0, 0.0, 0.0, 0.0, 0.0, 0.0, 0.0, 0.0, 0.0, 0.0, 0.0, 0.0, 0.0, 0.0, 0.0, 0.0, 0.0, 0.0, 0.0, 0.0, 1.0, 0.0]"
hMpxV/USA/IL-RIPHL-04-0023/2023|EPI_ISL_18137817|2023-05-07,"[0.0, 0.0, 0.0, 0.0, 0.0, 0.0, 0.0, 0.0, 0.0, 0.0, 0.0, 0.0, 0.0, 0.0, 0.0, 0.0, 0.0, 0.0, 0.0, 0.0, 0.0, 0.0, 0.0, 0.0, 0.0, 0.0, 0.0, 0.0, 0.0, 0.9999999999999999, 0.0]"
hMpxV/USA/IL-RIPHL-04-0045/2023|EPI_ISL_18137819|2023-05-16,"[0.0, 0.0, 0.0, 0.0, 0.0, 0.0, 0.0, 0.0, 0.0, 0.0, 0.0, 0.0, 0.0, 0.0, 0.0, 0.0, 0.0, 0.0, 0.0, 0.0, 0.0, 0.0, 0.0, 0.0, 0.0, 0.0, 0.0, 0.0, 0.0, 0.9999999999999999, 0.0]"
hMpxV/USA/IL-RIPHL-04-0044/2023|EPI_ISL_18137818|2023-05-10,"[0.0, 0.0, 0.0, 0.0, 0.0, 0.0, 0.0, 0.0, 0.0, 0.0, 0.0, 0.0, 0.0, 0.0, 0.0, 0.0, 0.0, 0.0, 0.0, 0.0, 0.0, 0.0, 0.0, 0.0, 0.0, 0.0, 0.0, 0.0, 0.0, 1.0, 0.0]"
hMpxV/USA/IL-RIPHL-04-0020/2023|EPI_ISL_18137815|2023-04-27,"[0.0, 0.0, 0.0, 0.0, 0.0, 0.0, 0.0, 0.0, 0.0, 0.0, 0.0, 0.0, 0.0, 0.0, 0.0, 0.0, 0.0, 0.0, 0.0, 0.0, 0.0, 0.0, 0.0, 0.0, 0.0, 0.0, 0.0, 0.0, 0.0, 1.0, 0.0]"
hMpxV/USA/CA-LACPHL-MA00502/2023|EPI_ISL_18161279|2023-05-02,"[0.0, 0.0, 0.0, 0.0, 0.0, 0.0, 0.0, 0.0, 0.0, 0.0, 0.0, 0.0, 0.0, 0.0, 0.0, 0.0, 0.0, 0.0, 0.0, 0.0, 0.0, 0.0, 0.0, 0.0, 0.0, 0.0, 0.0, 0.0, 0.0, 1.0, 0.0]"
hMpxV/USA/IL-RIPHL-050-0095/2023|EPI_ISL_18285985|2023-08-03,"[0.0, 0.0, 0.0, 0.0, 0.0, 0.0, 0.0, 0.0, 0.0, 0.0, 0.0, 0.0, 0.0, 0.0, 0.0, 0.0, 0.0, 0.0, 0.0, 0.0, 0.0, 0.0, 0.0, 0.0, 0.0, 0.0, 0.0, 0.0, 0.0, 1.0, 0.0]"
hMpxV/USA/IL-RIPHL-0061/2023|EPI_ISL_17979001|2023-05-31,"[0.0, 0.0, 0.0, 0.0, 0.0, 0.0, 0.0, 0.0, 0.0, 0.0, 0.0, 0.0, 0.0, 0.0, 0.0, 0.0, 0.0, 0.0, 0.0, 0.0, 0.0, 0.0, 0.0, 0.0, 0.0, 0.0, 0.0, 0.0, 0.0, 1.0, 0.0]"
hMpxV/USA/IL-RIPHL-0060/2023|EPI_ISL_17979000|2023-05-31,"[0.0, 0.0, 0.0, 0.0, 0.0, 0.0, 0.0, 0.0, 0.0, 0.0, 0.0, 0.0, 0.0, 0.0, 0.0, 0.0, 0.0, 0.0, 0.0, 0.0, 0.0, 0.0, 0.0, 0.0, 0.0, 0.0, 0.0, 0.0, 0.0, 1.0, 0.0]"
hMpxV/USA/CA-CDPH-1M1000616/2023|EPI_ISL_19295761|2023-10-12,"[0.0, 0.0, 0.0, 0.0, 0.0, 0.0, 0.0, 0.0, 0.0, 0.0, 0.0, 0.0, 0.0, 0.0, 0.0, 0.0, 0.0, 0.0, 0.0, 0.0, 0.0, 0.0, 0.0, 0.0, 0.0, 0.0, 0.0, 0.0, 0.0, 1.0, 0.0]"
NODE_0000297,"[1.2768481703698972e-08, 1.3820183081155344e-09, 4.6198328338756904e-08, 1.3608629314464041e-09, 1.9516998295669995e-09, 1.3792151365930221e-09, 1.38662123468395e-09, 1.3764816477027537e-09, 1.3787949416944551e-09, 1.3651316083830906e-09, 1.3787166226671833e-09, 1.370693475220477e-09, 1.2943513408281542e-09, 1.3659598922375317e-09, 3.112314846763154e-09, 1.5670676175592664e-08, 9.848929555155308e-09, 1.3706934752212954e-09, 1.3706934752209526e-09, 1.3035730171385985e-09, 5.162447409554177e-07, 1.3223025229848332e-09, 1.1558205018504886e-08, 1.3674897428544819e-09, 2.323608829895423e-09, 4.1830901636631046e-09, 1.186580108128522e-09, 3.969926569348131e-09, 1.2994993513590514e-09, 0.9999993465376456, 1.3726736878530797e-09]"
hMpxV/USA/IL-RIPHL-052-0039/2023|EPI_ISL_17821098|2023-05-15,"[0.0, 0.0, 0.0, 0.0, 0.0, 0.0, 0.0, 0.0, 0.0, 0.0, 0.0, 0.0, 0.0, 0.0, 0.0, 0.0, 0.0, 0.0, 0.0, 0.0, 0.0, 0.0, 0.0, 0.0, 0.0, 0.0, 0.0, 0.0, 0.0, 1.0, 0.0]"
hMpxV/USA/IL-RIPHL-0068/2023|EPI_ISL_17979002|2023-06-14,"[0.0, 0.0, 0.0, 0.0, 0.0, 0.0, 0.0, 0.0, 0.0, 0.0, 0.0, 0.0, 0.0, 0.0, 0.0, 0.0, 0.0, 0.0, 0.0, 0.0, 0.0, 0.0, 0.0, 0.0, 0.0, 0.0, 0.0, 0.0, 0.0, 0.9999999999999999, 0.0]"
NODE_0000298,"[3.8621427427292765e-10, 2.977778718365453e-11, 1.8362201471136816e-09, 2.897023210892822e-11, 4.5719855784857456e-11, 2.9696367762344214e-11, 2.9887421690821146e-11, 2.9538450333522996e-11, 2.9582167495303356e-11, 2.921987173055e-11, 2.9727460061592235e-11, 2.934391050639898e-11, 2.7315637160852622e-11, 2.945399365455691e-11, 7.570829508859444e-11, 5.188568297143823e-10, 2.7694073769071606e-10, 2.934391050641756e-11, 2.9343910506409723e-11, 2.7758346055322354e-11, 3.463468469338042e-08, 2.7787511726235752e-11, 3.5157830587293217e-10, 2.922130837768876e-11, 5.377821927305549e-11, 1.0543085136610992e-10, 2.4825705223206903e-11, 9.939890735045692e-11, 2.755408711786405e-11, 0.9999999610677207, 2.9400156243818584e-11]"
hMpxV/USA/IL-RIPHL-050-0158/2024|EPI_ISL_19031633|2024-02-19,"[0.0, 0.0, 0.0, 0.0, 0.0, 0.0, 0.0, 0.0, 0.0, 0.0, 0.0, 0.0, 0.0, 0.0, 0.0, 0.0, 0.0, 0.0, 0.0, 0.0, 0.0, 0.0, 0.0, 0.0, 0.0, 0.0, 0.0, 0.0, 0.0, 1.0, 0.0]"
hMpxV/USA/IL-RIPHL-050-0165/2024|EPI_ISL_19031637|2024-03-01,"[0.0, 0.0, 0.0, 0.0, 0.0, 0.0, 0.0, 0.0, 0.0, 0.0, 0.0, 0.0, 0.0, 0.0, 0.0, 0.0, 0.0, 0.0, 0.0, 0.0, 0.0, 0.0, 0.0, 0.0, 0.0, 0.0, 0.0, 0.0, 0.0, 1.0, 0.0]"
hMpxV/USA/IL-RIPHL-050-0164/2024|EPI_ISL_19031636|2024-03-01,"[0.0, 0.0, 0.0, 0.0, 0.0, 0.0, 0.0, 0.0, 0.0, 0.0, 0.0, 0.0, 0.0, 0.0, 0.0, 0.0, 0.0, 0.0, 0.0, 0.0, 0.0, 0.0, 0.0, 0.0, 0.0, 0.0, 0.0, 0.0, 0.0, 1.0, 0.0]"
NODE_0000273,"[9.13048566955235e-11, 4.738344291440251e-12, 1.0229490953230174e-08, 4.5142774789733336e-12, 1.1478663522698752e-11, 4.696735417590346e-12, 4.9191548638434525e-12, 5.999637666394022e-12, 6.73872969177433e-12, 5.267877820797235e-12, 5.172774884543396e-12, 4.608745686629881e-12, 4.1850452094535094e-12, 6.713120866597879e-12, 1.2699474344038872e-11, 1.2084296929916067e-10, 6.639736422489595e-11, 4.608745686632701e-12, 4.608745686631552e-12, 4.767703932924177e-12, 2.46729191079353e-08, 4.221837130409912e-12, 1.0231098647431562e-09, 4.660185350628116e-12, 2.254707326541109e-11, 1.736156249333212e-11, 3.759295626130504e-12, 1.6493424934440536e-11, 4.234149460915392e-12, 0.9999999636209196, 6.019962824483909e-12]"
hMpxV/USA/IL-RIPHL-050-0155/2024|EPI_ISL_19031631|2024-02-29,"[0.0, 0.0, 0.0, 0.0, 0.0, 0.0, 0.0, 0.0, 0.0, 0.0, 0.0, 0.0, 0.0, 0.0, 0.0, 0.0, 0.0, 0.0, 0.0, 0.0, 0.0, 0.0, 0.0, 0.0, 0.0, 0.0, 0.0, 0.0, 0.0, 1.0, 0.0]"
hMpxV/USA/IL-RIPHL-004-0159/2024|EPI_ISL_19158948|2024-03-08,"[0.0, 0.0, 0.0, 0.0, 0.0, 0.0, 0.0, 0.0, 0.0, 0.0, 0.0, 0.0, 0.0, 0.0, 0.0, 0.0, 0.0, 0.0, 0.0, 0.0, 0.0, 0.0, 0.0, 0.0, 0.0, 0.0, 0.0, 0.0, 0.0, 1.0, 0.0]"
hMpxV/USA/IL-RIPHL-050-0153/2024|EPI_ISL_19016819|2024-02-19,"[0.0, 0.0, 0.0, 0.0, 0.0, 0.0, 0.0, 0.0, 0.0, 0.0, 0.0, 0.0, 0.0, 0.0, 0.0, 0.0, 0.0, 0.0, 0.0, 0.0, 0.0, 0.0, 0.0, 0.0, 0.0, 0.0, 0.0, 0.0, 0.0, 1.0, 0.0]"
NODE_0000274,"[0.00018421084708023386, 6.359102456937608e-05, 0.001178138946029402, 6.291136980608232e-05, 7.643648554401676e-05, 6.362710928474765e-05, 6.312559179798696e-05, 0.00012246616819597145, 0.00015409362907474073, 9.290576045569527e-05, 8.199699764942235e-05, 6.245779173120614e-05, 6.095503910291675e-05, 0.00015582313389866942, 0.00010987442314005056, 0.00021008820356070593, 0.00043373645762192884, 6.245779173120649e-05, 6.24577917312017e-05, 8.207877576093353e-05, 0.0015897642550257705, 6.306194162255766e-05, 0.20185690053966493, 6.289661982229213e-05, 0.000577435712857664, 0.00010795800055688177, 5.737017451911812e-05, 0.00010507869505909973, 6.04957218229768e-05, 0.7920125958319658, 0.0001230091693162385]"
hMpxV/Portugal/INSA-PT0828/2024|EPI_ISL_19366742|2024-08-13,"[0.0, 0.0, 0.0, 0.0, 0.0, 0.0, 0.0, 0.0, 0.0, 0.0, 0.0, 0.0, 0.0, 0.0, 0.0, 0.0, 0.0, 0.0, 0.0, 0.0, 0.0, 0.0, 1.0, 0.0, 0.0, 0.0, 0.0, 0.0, 0.0, 0.0, 0.0]"
hMpxV/USA/IL-RIPHL-050-0201/2024|EPI_ISL_19474703|2024-08-23,"[0.0, 0.0, 0.0, 0.0, 0.0, 0.0, 0.0, 0.0, 0.0, 0.0, 0.0, 0.0, 0.0, 0.0, 0.0, 0.0, 0.0, 0.0, 0.0, 0.0, 0.0, 0.0, 0.0, 0.0, 0.0, 0.0, 0.0, 0.0, 0.0, 1.0, 0.0]"
NODE_0000275,"[2.5946393429487053e-05, 5.612818064919124e-06, 0.9987267011390881, 5.562546927168511e-06, 2.2099437591304378e-05, 5.615861365140175e-06, 6.344049240542834e-06, 5.5936508687171485e-06, 5.664378649875242e-06, 5.53330533259171e-06, 5.474562582198354e-06, 5.514736830929238e-06, 5.3767698444961735e-06, 5.628697604498754e-06, 4.872103332519078e-06, 1.66407419331602e-05, 7.999914130437073e-06, 5.514736830929131e-06, 5.514736830929245e-06, 5.338026617525469e-06, 0.00014279678765404715, 5.55794742744399e-06, 5.550469293443901e-05, 5.543952879506705e-06, 5.88504596722593e-06, 6.576993890332629e-06, 5.006539668249235e-06, 6.5331884628060605e-06, 5.326212079154542e-06, 0.0008731013424414987, 5.618689499616495e-06]"
hMpxV/Brazil/PR-FIOCRUZ-10550/2024|EPI_ISL_19416187|2024-08-05,"[0.0, 0.0, 1.0, 0.0, 0.0, 0.0, 0.0, 0.0, 0.0, 0.0, 0.0, 0.0, 0.0, 0.0, 0.0, 0.0, 0.0, 0.0, 0.0, 0.0, 0.0, 0.0, 0.0, 0.0, 0.0, 0.0, 0.0, 0.0, 0.0, 0.0, 0.0]"
NODE_0000276,"[6.637793334406324e-08, 1.2430362860819736e-08, 0.9999981525796074, 1.2481910152338392e-08, 8.407403267631359e-08, 1.246505312839011e-08, 1.5104026228793948e-08, 1.252579612265672e-08, 1.2634651648398705e-08, 1.2402371491579616e-08, 1.2296504566342023e-08, 1.2402600729336886e-08, 1.1896726412459106e-08, 1.2344542031740287e-08, 8.915339317805549e-09, 3.274041587539007e-08, 1.300698474730966e-08, 1.2402600729336105e-08, 1.2402600729337159e-08, 1.17725222694729e-08, 3.8165996909645157e-07, 1.2282473672755724e-08, 2.524868998105248e-07, 1.2442413850535555e-08, 1.1376759830726689e-08, 1.2412884214028304e-08, 1.071352071311086e-08, 1.2498570474040729e-08, 1.1789014096994861e-08, 7.365267170791012e-07, 1.2554194264027952e-08]"
hMpxV/Brazil/SP-IAL-357924058/2024|EPI_ISL_19446294|2024-09-02,"[0.0, 0.0, 1.0, 0.0, 0.0, 0.0, 0.0, 0.0, 0.0, 0.0, 0.0, 0.0, 0.0, 0.0, 0.0, 0.0, 0.0, 0.0, 0.0, 0.0, 0.0, 0.0, 0.0, 0.0, 0.0, 0.0, 0.0, 0.0, 0.0, 0.0, 0.0]"
hMpxV/Brazil/SP-IAL-357947559/2024|EPI_ISL_19446310|2024-09-16,"[0.0, 0.0, 1.0, 0.0, 0.0, 0.0, 0.0, 0.0, 0.0, 0.0, 0.0, 0.0, 0.0, 0.0, 0.0, 0.0, 0.0, 0.0, 0.0, 0.0, 0.0, 0.0, 0.0, 0.0, 0.0, 0.0, 0.0, 0.0, 0.0, 0.0, 0.0]"
NODE_0000292,"[0.00011383092796437312, 4.4295806930652745e-05, 0.0002018096086744636, 4.4392251579122014e-05, 5.062663691122457e-05, 4.453403658893231e-05, 4.40021795513558e-05, 4.4205151414546355e-05, 4.4738922308593496e-05, 4.384807943759303e-05, 4.318376917739658e-05, 4.3817711003937174e-05, 4.460171486143087e-05, 4.6959877438976805e-05, 5.2361024992768396e-05, 0.00012551158282665082, 0.00038666918696043316, 4.381771100393894e-05, 4.381771100393763e-05, 4.20932151657946e-05, 0.0004570130022936889, 6.789139559866936e-05, 9.599517364159971e-05, 4.415608836574829e-05, 5.617709193867416e-05, 7.202574089832467e-05, 3.9850949784740344e-05, 0.0035353462530736592, 4.231605386586781e-05, 0.9939956043117564, 4.450683298655549e-05]"
hMpxV/USA/CA-CDPH-1M1000492/2023|EPI_ISL_19143454|2023-12-28,"[0.0, 0.0, 0.0, 0.0, 0.0, 0.0, 0.0, 0.0, 0.0, 0.0, 0.0, 0.0, 0.0, 0.0, 0.0, 0.0, 0.0, 0.0, 0.0, 0.0, 0.0, 0.0, 0.0, 0.0, 0.0, 0.0, 0.0, 0.0, 0.0, 0.9999999999999999, 0.0]"
NODE_0000293,"[0.0008529608385156442, 0.0006502537529795443, 0.0010193671076538819, 0.0006617496591196662, 0.0006534269680207953, 0.0006555623137100806, 0.0006464816725443976, 0.0006562701807405757, 0.0006675035498776181, 0.0006493041369372421, 0.0006341292873210174, 0.0006488038366925969, 0.0008919860221833286, 0.0010718562456537785, 0.0005737087850674238, 0.0009503397793414667, 0.05324966225672342, 0.0006488038366926185, 0.0006488038366927, 0.0006099639778877366, 0.0013398108550910961, 0.0031095083307715013, 0.0013506708779992551, 0.0006562963109279335, 0.000888835191986215, 0.0008397771871958552, 0.0005866272232745716, 0.8696659859055157, 0.0006185769928378934, 0.05323996448769453, 0.0006630085923498006]"
NODE_0000296,"[4.024117538584572e-09, 6.6790365304816e-09, 3.0339720794662524e-09, 6.96125078701684e-09, 5.692270505488182e-09, 6.787030124321354e-09, 6.657656102032335e-09, 6.786608266794275e-09, 6.887871837184642e-09, 6.737934451401511e-09, 6.514820461895265e-09, 6.76353149927652e-09, 1.4845214922805375e-08, 2.5065787163243627e-08, 3.844346189917846e-09, 4.377839572431386e-09, 0.9999993088731367, 6.763531499279442e-09, 6.763531499255187e-09, 6.2162119405604545e-09, 2.1914791174839794e-09, 1.0175269851487518e-08, 2.1205599703221648e-08, 6.8575854890976416e-09, 1.191383344270096e-08, 6.395300518549966e-09, 5.648008237357773e-09, 4.4090798192531243e-07, 6.367771233404493e-09, 3.1191603095078504e-08, 6.869867675855419e-09]"
hMpxV/Netherlands/un-EMC-NL108/2024|EPI_ISL_19356929|2024-05-15,"[0.0, 0.0, 0.0, 0.0, 0.0, 0.0, 0.0, 0.0, 0.0, 0.0, 0.0, 0.0, 0.0, 0.0, 0.0, 0.0, 1.0, 0.0, 0.0, 0.0, 0.0, 0.0, 0.0, 0.0, 0.0, 0.0, 0.0, 0.0, 0.0, 0.0, 0.0]"
hMpxV/Netherlands/un-EMC-NL107/2024|EPI_ISL_19356928|2024-05-15,"[0.0, 0.0, 0.0, 0.0, 0.0, 0.0, 0.0, 0.0, 0.0, 0.0, 0.0, 0.0, 0.0, 0.0, 0.0, 0.0, 1.0, 0.0, 0.0, 0.0, 0.0, 0.0, 0.0, 0.0, 0.0, 0.0, 0.0, 0.0, 0.0, 0.0, 0.0]"
NODE_0000294,"[0.000171312622734735, 0.0001490830178612555, 0.0001950512058198376, 0.00015218762503062036, 0.00014619539194571206, 0.00015044737228777865, 0.00014839242902123993, 0.00015074776478543405, 0.00015325527391690552, 0.00014903871694441493, 0.00014571431602718768, 0.00014915367623026532, 0.00023673459240183847, 0.0002378096163582335, 0.0001434360368064118, 0.000199694708724546, 0.010515432407146946, 0.00014915367623027467, 0.00014915367623032013, 0.00013832660581467615, 0.00026150374344927535, 0.002691202640636898, 0.00026955402750364604, 0.00015083834200947495, 0.0001910630171153948, 0.0001880884460949616, 0.00015493959129159207, 0.9739639353694742, 0.00014146581629993052, 0.00820485574919183, 0.0001522325246141405]"
hMpxV/Spain/GA-CHUAC-01/2024|EPI_ISL_19416107|2024-02-27,"[0.0, 0.0, 0.0, 0.0, 0.0, 0.0, 0.0, 0.0, 0.0, 0.0, 0.0, 0.0, 0.0, 0.0, 0.0, 0.0, 0.0, 0.0, 0.0, 0.0, 0.0, 0.0, 0.0, 0.0, 0.0, 0.0, 0.0, 1.0, 0.0, 0.0, 0.0]"
NODE_0000295,"[9.079157518804479e-12, 2.457216884539503e-11, 5.519865717612195e-12, 2.5892889049574072e-11, 1.9318294732861167e-11, 2.508681719575423e-11, 2.465353682413285e-11, 2.5192592403940135e-11, 2.5541686782617657e-11, 2.4895658424667318e-11, 2.4142434004468258e-11, 2.5169492735103852e-11, 1.0797210661781797e-10, 2.3859813005459235e-11, 4.702458520682199e-11, 1.206456569385525e-11, 3.213442693095101e-11, 2.5169492735120493e-11, 2.5169492735053572e-11, 2.1656533820105505e-11, 3.5968834217780147e-12, 0.999999997874837, 8.578912875139315e-12, 2.5498912678452176e-11, 1.6735189464818503e-11, 2.2671779881886435e-11, 8.230370172068668e-11, 1.3604281602908697e-09, 2.2523951696215022e-11, 3.2503892650492844e-12, 2.5459685771274035e-11]"
hMpxV/Philippines/RITM-010/2024|EPI_ISL_19420633|2024-08-08,"[0.0, 0.0, 0.0, 0.0, 0.0, 0.0, 0.0, 0.0, 0.0, 0.0, 0.0, 0.0, 0.0, 0.0, 0.0, 0.0, 0.0, 0.0, 0.0, 0.0, 0.0, 0.9999999999999999, 0.0, 0.0, 0.0, 0.0, 0.0, 0.0, 0.0, 0.0, 0.0]"
hMpxV/Philippines/RITM-020/2024|EPI_ISL_19456606|2024-09-03,"[0.0, 0.0, 0.0, 0.0, 0.0, 0.0, 0.0, 0.0, 0.0, 0.0, 0.0, 0.0, 0.0, 0.0, 0.0, 0.0, 0.0, 0.0, 0.0, 0.0, 0.0, 1.0, 0.0, 0.0, 0.0, 0.0, 0.0, 0.0, 0.0, 0.0, 0.0]"
hMpxV/Philippines/RITM-024/2024|EPI_ISL_19456607|2024-09-07,"[0.0, 0.0, 0.0, 0.0, 0.0, 0.0, 0.0, 0.0, 0.0, 0.0, 0.0, 0.0, 0.0, 0.0, 0.0, 0.0, 0.0, 0.0, 0.0, 0.0, 0.0, 1.0, 0.0, 0.0, 0.0, 0.0, 0.0, 0.0, 0.0, 0.0, 0.0]"
hMpxV/Philippines/RITM-011/2024|EPI_ISL_19456511|2024-08-22,"[0.0, 0.0, 0.0, 0.0, 0.0, 0.0, 0.0, 0.0, 0.0, 0.0, 0.0, 0.0, 0.0, 0.0, 0.0, 0.0, 0.0, 0.0, 0.0, 0.0, 0.0, 1.0, 0.0, 0.0, 0.0, 0.0, 0.0, 0.0, 0.0, 0.0, 0.0]"
NODE_0000277,"[1.0022490212432652e-05, 1.8845170732381839e-06, 2.8435466232169677e-05, 1.8346084790039818e-06, 2.565400282880204e-06, 1.878890617534435e-06, 1.8628909374382369e-06, 1.8516566717169882e-06, 1.8736526012766965e-06, 1.8327796677191893e-06, 1.8254545597853308e-06, 1.8265377391726344e-06, 1.7893386715404783e-06, 1.894953163034812e-06, 3.0707417289237613e-06, 1.165476402401856e-05, 7.67533134285173e-06, 1.8265377391726886e-06, 1.8265377391726338e-06, 1.7936085505693859e-06, 0.00014175147806636833, 1.8429308403875364e-06, 7.623356123670029e-06, 1.8347863734146326e-06, 2.805966367244234e-06, 3.994878166070481e-06, 1.7178799648124287e-06, 3.83037823968293e-06, 1.781970735210877e-06, 0.9997417312071069, 1.8590099825969949e-06]"
NODE_0000278,"[1.4011634769282402e-06, 6.936501478302376e-10, 8.0468725650799e-08, 6.558985884123489e-10, 1.145139638388823e-09, 6.84849215005178e-10, 6.921913483835043e-10, 6.773739878374952e-10, 6.79829940038883e-10, 6.660327505977394e-10, 6.844827381913308e-10, 6.689412145340448e-10, 6.052142193756018e-10, 6.847001419178749e-10, 2.244442255025781e-09, 1.3353752555003564e-08, 6.554974964057624e-09, 6.689412145340997e-10, 6.689412145340448e-10, 6.248158184321265e-10, 1.7554866521911347e-06, 6.146466929533061e-10, 8.22977432047809e-09, 6.648455196328283e-10, 1.7147882262922607e-09, 2.4675621632390013e-09, 5.405518149336241e-10, 2.3359921208970123e-09, 6.154213672598319e-10, 0.9999967123705961, 6.727949387989069e-10]"
hMpxV/USA/CA-LACPHL-MA00633/2024|EPI_ISL_19204035|2024-05-30,"[0.0, 0.0, 0.0, 0.0, 0.0, 0.0, 0.0, 0.0, 0.0, 0.0, 0.0, 0.0, 0.0, 0.0, 0.0, 0.0, 0.0, 0.0, 0.0, 0.0, 0.0, 0.0, 0.0, 0.0, 0.0, 0.0, 0.0, 0.0, 0.0, 0.9999999999999999, 0.0]"
hMpxV/USA/CA-CDPH-1M1000635/2024|EPI_ISL_19295778|2024-06-21,"[0.0, 0.0, 0.0, 0.0, 0.0, 0.0, 0.0, 0.0, 0.0, 0.0, 0.0, 0.0, 0.0, 0.0, 0.0, 0.0, 0.0, 0.0, 0.0, 0.0, 0.0, 0.0, 0.0, 0.0, 0.0, 0.0, 0.0, 0.0, 0.0, 1.0, 0.0]"
NODE_0000280,"[5.611032072897042e-08, 1.4970341337948699e-09, 4.7796541276626115e-08, 1.4703062202926244e-09, 2.110109096885748e-09, 1.4935040230320756e-09, 1.4983313454084004e-09, 1.4871070406677404e-09, 1.4919783802227828e-09, 1.4742274258377125e-09, 1.4860789999716389e-09, 1.4785310193682615e-09, 1.4033414748320895e-09, 1.4832205618932059e-09, 3.2267991623324744e-09, 1.5846139827024593e-08, 9.871242974788323e-09, 1.4785310193685209e-09, 1.4785310193683134e-09, 1.4129496401175093e-09, 6.261303473697686e-07, 1.4353318992089298e-09, 1.1339941470231954e-08, 1.476593475388313e-09, 2.4851024159620253e-09, 4.304353082681977e-09, 1.2950183222976899e-09, 4.090746434197431e-09, 1.4073651307199727e-09, 0.9999991889558993, 1.4844756548699958e-09]"
hMpxV/USA/CA-LACPHL-MA00621/2024|EPI_ISL_19093415|2024-04-11,"[0.0, 0.0, 0.0, 0.0, 0.0, 0.0, 0.0, 0.0, 0.0, 0.0, 0.0, 0.0, 0.0, 0.0, 0.0, 0.0, 0.0, 0.0, 0.0, 0.0, 0.0, 0.0, 0.0, 0.0, 0.0, 0.0, 0.0, 0.0, 0.0, 0.9999999999999999, 0.0]"
NODE_0000281,"[5.210865078229835e-12, 1.4618590679248792e-13, 4.7299576944597164e-11, 1.38710036643854e-13, 2.7518021253077054e-13, 1.4449304443844612e-13, 1.4761020084043277e-13, 1.440397253139996e-13, 1.432969617424107e-13, 1.4187756944364694e-13, 1.4776820803473982e-13, 1.4313351328195846e-13, 1.2660075611482341e-13, 1.431772521042459e-13, 5.840036663236273e-13, 8.688605963291163e-12, 3.3665993440736724e-12, 1.4313351328197318e-13, 1.4313351328196197e-13, 1.3195826975295219e-13, 4.475271402567722e-09, 1.2701236643231084e-13, 5.62494819941689e-12, 1.4129575031371548e-13, 3.2843441445306064e-13, 8.90198371165922e-13, 1.1051802425136975e-13, 8.227407309060328e-13, 1.296810886150391e-13, 0.9999999954490016, 1.4213573238827534e-13]"
hMpxV/USA/CA-LACPHL-MA00655/2024|EPI_ISL_19347729|2024-07-22,"[0.0, 0.0, 0.0, 0.0, 0.0, 0.0, 0.0, 0.0, 0.0, 0.0, 0.0, 0.0, 0.0, 0.0, 0.0, 0.0, 0.0, 0.0, 0.0, 0.0, 0.0, 0.0, 0.0, 0.0, 0.0, 0.0, 0.0, 0.0, 0.0, 1.0, 0.0]"
hMpxV/USA/CA-LACPHL-MA00657/2024|EPI_ISL_19347733|2024-07-25,"[0.0, 0.0, 0.0, 0.0, 0.0, 0.0, 0.0, 0.0, 0.0, 0.0, 0.0, 0.0, 0.0, 0.0, 0.0, 0.0, 0.0, 0.0, 0.0, 0.0, 0.0, 0.0, 0.0, 0.0, 0.0, 0.0, 0.0, 0.0, 0.0, 1.0, 0.0]"
hMpxV/USA/CA-LACPHL-MA00660/2024|EPI_ISL_19364552|2024-08-06,"[0.0, 0.0, 0.0, 0.0, 0.0, 0.0, 0.0, 0.0, 0.0, 0.0, 0.0, 0.0, 0.0, 0.0, 0.0, 0.0, 0.0, 0.0, 0.0, 0.0, 0.0, 0.0, 0.0, 0.0, 0.0, 0.0, 0.0, 0.0, 0.0, 1.0, 0.0]"
NODE_0000282,"[4.321683166336973e-10, 4.194138468327221e-11, 1.612414899312917e-09, 4.170760183927222e-11, 5.840748490835655e-11, 4.19923272299165e-11, 4.2353157689228666e-11, 4.211725674755748e-11, 4.2040207822051176e-11, 4.183189427399566e-11, 4.237080300825226e-11, 4.2115936071444125e-11, 3.940598462745991e-11, 4.120544061250119e-11, 1.0216215309246151e-10, 5.282015681750117e-10, 3.363206848777196e-10, 4.211593607147039e-11, 4.211593607145751e-11, 3.9598694473654954e-11, 2.059686502309639e-08, 4.0191406526870684e-11, 4.0800768037883427e-10, 4.1948147577078274e-11, 7.223680108518386e-11, 1.3769002984343453e-10, 3.555809904452392e-11, 1.3044136518457667e-10, 3.9614878915071736e-11, 0.9999999748029278, 4.1931007652522975e-11]"
hMpxV/USA/CA-CDPH-1M1000654/2024|EPI_ISL_19367819|2024-07-16,"[0.0, 0.0, 0.0, 0.0, 0.0, 0.0, 0.0, 0.0, 0.0, 0.0, 0.0, 0.0, 0.0, 0.0, 0.0, 0.0, 0.0, 0.0, 0.0, 0.0, 0.0, 0.0, 0.0, 0.0, 0.0, 0.0, 0.0, 0.0, 0.0, 1.0, 0.0]"
hMpxV/USA/CA-CDPH-1M1000660/2024|EPI_ISL_19367825|2024-07-25,"[0.0, 0.0, 0.0, 0.0, 0.0, 0.0, 0.0, 0.0, 0.0, 0.0, 0.0, 0.0, 0.0, 0.0, 0.0, 0.0, 0.0, 0.0, 0.0, 0.0, 0.0, 0.0, 0.0, 0.0, 0.0, 0.0, 0.0, 0.0, 0.0, 0.9999999999999999, 0.0]"
NODE_0000279,"[1.0, 6.593609371602895e-22, 4.7858632581681297e-20, 6.534534012125915e-22, 6.574366791266373e-22, 6.61060476055849e-22, 6.763196206142448e-22, 6.691407688403745e-22, 6.646778046855137e-22, 6.560103933497507e-22, 6.828389014371667e-22, 6.717890127434123e-22, 5.427275323202671e-22, 6.173124166084211e-22, 5.2904639021172195e-21, 8.833886564310453e-22, 1.0690878392981023e-21, 6.717890127437074e-22, 6.717890127441033e-22, 5.461146466541462e-22, 2.416944579670892e-20, 5.613405774545683e-22, 6.4552305420270975e-22, 6.64946390697024e-22, 7.431007791122997e-21, 9.250426299398741e-22, 3.9630686829413594e-22, 9.474694699723736e-22, 5.540815286464689e-22, 2.7313667805145773e-18, 6.609155834223211e-22]"
hMpxV/Australia/VIC-VIDRL-4940/2024|EPI_ISL_19459796|2024-06-03,"[0.9999999999999999, 0.0, 0.0, 0.0, 0.0, 0.0, 0.0, 0.0, 0.0, 0.0, 0.0, 0.0, 0.0, 0.0, 0.0, 0.0, 0.0, 0.0, 0.0, 0.0, 0.0, 0.0, 0.0, 0.0, 0.0, 0.0, 0.0, 0.0, 0.0, 0.0, 0.0]"
hMpxV/Australia/VIC-VIDRL-6554/2024|EPI_ISL_19459726|2024-06-07,"[1.0, 0.0, 0.0, 0.0, 0.0, 0.0, 0.0, 0.0, 0.0, 0.0, 0.0, 0.0, 0.0, 0.0, 0.0, 0.0, 0.0, 0.0, 0.0, 0.0, 0.0, 0.0, 0.0, 0.0, 0.0, 0.0, 0.0, 0.0, 0.0, 0.0, 0.0]"
hMpxV/Australia/VIC-VIDRL-8012/2024|EPI_ISL_19459738|2024-05-08,"[0.9999999999999999, 0.0, 0.0, 0.0, 0.0, 0.0, 0.0, 0.0, 0.0, 0.0, 0.0, 0.0, 0.0, 0.0, 0.0, 0.0, 0.0, 0.0, 0.0, 0.0, 0.0, 0.0, 0.0, 0.0, 0.0, 0.0, 0.0, 0.0, 0.0, 0.0, 0.0]"
hMpxV/Australia/VIC-VIDRL-3531/2024|EPI_ISL_19459735|2024-05-28,"[0.9999999999999999, 0.0, 0.0, 0.0, 0.0, 0.0, 0.0, 0.0, 0.0, 0.0, 0.0, 0.0, 0.0, 0.0, 0.0, 0.0, 0.0, 0.0, 0.0, 0.0, 0.0, 0.0, 0.0, 0.0, 0.0, 0.0, 0.0, 0.0, 0.0, 0.0, 0.0]"
hMpxV/Australia/VIC-VIDRL-7518/2024|EPI_ISL_19459756|2024-05-07,"[1.0, 0.0, 0.0, 0.0, 0.0, 0.0, 0.0, 0.0, 0.0, 0.0, 0.0, 0.0, 0.0, 0.0, 0.0, 0.0, 0.0, 0.0, 0.0, 0.0, 0.0, 0.0, 0.0, 0.0, 0.0, 0.0, 0.0, 0.0, 0.0, 0.0, 0.0]"
hMpxV/Australia/VIC-VIDRL-7519/2024|EPI_ISL_19459767|2024-05-07,"[1.0, 0.0, 0.0, 0.0, 0.0, 0.0, 0.0, 0.0, 0.0, 0.0, 0.0, 0.0, 0.0, 0.0, 0.0, 0.0, 0.0, 0.0, 0.0, 0.0, 0.0, 0.0, 0.0, 0.0, 0.0, 0.0, 0.0, 0.0, 0.0, 0.0, 0.0]"
hMpxV/Australia/VIC-VIDRL-4069/2024|EPI_ISL_19459793|2024-05-27,"[1.0, 0.0, 0.0, 0.0, 0.0, 0.0, 0.0, 0.0, 0.0, 0.0, 0.0, 0.0, 0.0, 0.0, 0.0, 0.0, 0.0, 0.0, 0.0, 0.0, 0.0, 0.0, 0.0, 0.0, 0.0, 0.0, 0.0, 0.0, 0.0, 0.0, 0.0]"
NODE_0000283,"[5.816987091963502e-12, 1.1055992101367966e-13, 1.0243611800882779e-10, 9.562757470800336e-14, 2.896842145570622e-13, 1.0709169293520594e-13, 1.0769744304259317e-13, 1.0263294406171943e-13, 1.0411098911716965e-13, 9.948490385830546e-14, 1.0414614909138453e-13, 9.888053696989954e-14, 8.835453861008161e-14, 1.1221142009691073e-13, 4.022088915183417e-13, 1.3221147901244126e-11, 2.848607615560939e-12, 9.888053696991023e-14, 9.888053696990163e-14, 9.580508939780235e-14, 2.2976311285719258e-08, 8.835605275288955e-14, 4.9655826539896054e-12, 9.801297084737332e-14, 2.6730145131400686e-13, 6.712804425499923e-13, 8.21705110270178e-14, 6.145643307557122e-13, 9.1074490628341e-14, 0.9999999768902696, 1.0167157316994612e-13]"
hMpxV/USA/IL-RIPHL-004-0197/2024|EPI_ISL_19533457|2024-07-12,"[0.0, 0.0, 0.0, 0.0, 0.0, 0.0, 0.0, 0.0, 0.0, 0.0, 0.0, 0.0, 0.0, 0.0, 0.0, 0.0, 0.0, 0.0, 0.0, 0.0, 0.0, 0.0, 0.0, 0.0, 0.0, 0.0, 0.0, 0.0, 0.0, 1.0, 0.0]"
hMpxV/USA/CA-LACPHL-MA00675/2024|EPI_ISL_19437166|2024-08-31,"[0.0, 0.0, 0.0, 0.0, 0.0, 0.0, 0.0, 0.0, 0.0, 0.0, 0.0, 0.0, 0.0, 0.0, 0.0, 0.0, 0.0, 0.0, 0.0, 0.0, 0.0, 0.0, 0.0, 0.0, 0.0, 0.0, 0.0, 0.0, 0.0, 1.0, 0.0]"
hMpxV/USA/CA-LACPHL-MA00645/2024|EPI_ISL_19273374|2024-06-23,"[0.0, 0.0, 0.0, 0.0, 0.0, 0.0, 0.0, 0.0, 0.0, 0.0, 0.0, 0.0, 0.0, 0.0, 0.0, 0.0, 0.0, 0.0, 0.0, 0.0, 0.0, 0.0, 0.0, 0.0, 0.0, 0.0, 0.0, 0.0, 0.0, 1.0, 0.0]"
NODE_0000289,"[2.193796103193806e-06, 3.533691640309479e-07, 6.8454438399943684e-06, 3.423164181820238e-07, 4.973114524985545e-07, 3.514643941478854e-07, 3.4946224216137496e-07, 3.465283982880421e-07, 3.5029083613420836e-07, 3.4274666248536786e-07, 3.4262956642086405e-07, 3.4179771009741494e-07, 3.3221859293780663e-07, 3.547591682288903e-07, 6.180629364583141e-07, 2.6439094698059287e-06, 1.6628387333193263e-06, 3.417977100974231e-07, 3.4179771009740144e-07, 3.3451857181782573e-07, 4.434569205141198e-05, 3.414174387551958e-07, 1.726514627707072e-06, 3.4284286241518233e-07, 5.44341639013456e-07, 8.155502321348966e-07, 3.1721274724655777e-07, 7.795183908886248e-07, 3.316792986809437e-07, 0.9999308207561832, 3.4741484814332684e-07]"
hMpxV/USA/CA-LACPHL-MA00691/2024|EPI_ISL_19468223|2024-09-13,"[0.0, 0.0, 0.0, 0.0, 0.0, 0.0, 0.0, 0.0, 0.0, 0.0, 0.0, 0.0, 0.0, 0.0, 0.0, 0.0, 0.0, 0.0, 0.0, 0.0, 0.0, 0.0, 0.0, 0.0, 0.0, 0.0, 0.0, 0.0, 0.0, 1.0, 0.0]"
hMpxV/USA/CA-CDPH-1M1000603/2024|EPI_ISL_19295752|2024-05-29,"[0.0, 0.0, 0.0, 0.0, 0.0, 0.0, 0.0, 0.0, 0.0, 0.0, 0.0, 0.0, 0.0, 0.0, 0.0, 0.0, 0.0, 0.0, 0.0, 0.0, 0.0, 0.0, 0.0, 0.0, 0.0, 0.0, 0.0, 0.0, 0.0, 0.9999999999999999, 0.0]"
NODE_0000290,"[5.778200105880334e-07, 7.559452499004536e-08, 1.962065917922029e-06, 7.361400899753979e-08, 1.075635608297047e-07, 7.521752599765382e-08, 7.521008708428278e-08, 7.455499721293622e-08, 7.505483371059986e-08, 7.38102191260511e-08, 7.41767074149843e-08, 7.383029585369009e-08, 7.074476225593615e-08, 7.535888204540154e-08, 1.4996879134582814e-07, 7.074640354949303e-07, 4.4062728146888677e-07, 7.383029585369726e-08, 7.383029585369119e-08, 7.134105139079634e-08, 1.7095975013673526e-05, 7.247825448985092e-08, 4.877691013426285e-07, 7.385673886394633e-08, 1.2189796407129508e-07, 2.0011964334418344e-07, 6.631896611689557e-08, 1.9054670020359773e-07, 7.084586414786279e-08, 0.9999765639653864, 7.454828205361198e-08]"
hMpxV/USA/IL-RIPHL-004-0160/2024|EPI_ISL_19158949|2024-03-07,"[0.0, 0.0, 0.0, 0.0, 0.0, 0.0, 0.0, 0.0, 0.0, 0.0, 0.0, 0.0, 0.0, 0.0, 0.0, 0.0, 0.0, 0.0, 0.0, 0.0, 0.0, 0.0, 0.0, 0.0, 0.0, 0.0, 0.0, 0.0, 0.0, 1.0, 0.0]"
NODE_0000291,"[6.914148965739382e-08, 8.800856760774417e-09, 2.3686823082128893e-07, 8.586269085744882e-09, 1.2500161828450169e-08, 8.76166853630349e-09, 8.767822099195827e-09, 8.693718292203366e-09, 8.745183079972552e-09, 8.6094175910764e-09, 8.658399617379254e-09, 8.616881008832157e-09, 8.238736499066506e-09, 8.761497552665026e-09, 1.779098423275372e-08, 8.465663920938087e-08, 5.282127591575933e-08, 8.616881008837297e-09, 8.616881008835181e-09, 8.305759485345789e-09, 2.1391869770432655e-06, 8.437144146733952e-09, 5.896909467986044e-08, 8.616527349371046e-09, 1.427696627594385e-08, 2.3761768646573386e-08, 7.69634739716265e-09, 2.261458226100623e-08, 8.253431763047369e-09, 0.9999971049389345, 8.689472555560866e-09]"
hMpxV/USA/CA-CDPH-1M1000650/2024|EPI_ISL_19367815|2024-07-10,"[0.0, 0.0, 0.0, 0.0, 0.0, 0.0, 0.0, 0.0, 0.0, 0.0, 0.0, 0.0, 0.0, 0.0, 0.0, 0.0, 0.0, 0.0, 0.0, 0.0, 0.0, 0.0, 0.0, 0.0, 0.0, 0.0, 0.0, 0.0, 0.0, 1.0, 0.0]"
hMpxV/USA/CA-LACPHL-MA00632/2024|EPI_ISL_19204034|2024-05-30,"[0.0, 0.0, 0.0, 0.0, 0.0, 0.0, 0.0, 0.0, 0.0, 0.0, 0.0, 0.0, 0.0, 0.0, 0.0, 0.0, 0.0, 0.0, 0.0, 0.0, 0.0, 0.0, 0.0, 0.0, 0.0, 0.0, 0.0, 0.0, 0.0, 0.9999999999999999, 0.0]"
NODE_0000284,"[3.5824021843836494e-10, 2.8295421918525762e-11, 1.7774324109646828e-09, 2.7075893061907405e-11, 4.5392007135446256e-11, 2.8070334859419562e-11, 2.817156394699274e-11, 2.773370138180226e-11, 2.7888573263075873e-11, 2.7362998147570555e-11, 2.7807403737284946e-11, 2.739078677796074e-11, 2.5664600121673516e-11, 2.8189165431989444e-11, 6.812178036502329e-11, 4.996685470252943e-10, 2.500546099532452e-10, 2.7390786777979464e-11, 2.7390786777970368e-11, 2.623906662017871e-11, 3.489588448375882e-08, 2.6122341391325503e-11, 3.134295871155756e-10, 2.731058168536684e-11, 5.0804423167272776e-11, 9.567160247028342e-11, 2.3721232458880843e-11, 9.019447199617332e-11, 2.589040491459356e-11, 0.9999999610397512, 2.7638957473278163e-11]"
hMpxV/USA/WA-UW-247031/2024|EPI_ISL_19524787|2024-01-16,"[0.0, 0.0, 0.0, 0.0, 0.0, 0.0, 0.0, 0.0, 0.0, 0.0, 0.0, 0.0, 0.0, 0.0, 0.0, 0.0, 0.0, 0.0, 0.0, 0.0, 0.0, 0.0, 0.0, 0.0, 0.0, 0.0, 0.0, 0.0, 0.0, 1.0, 0.0]"
NODE_0000285,"[5.293767505937766e-09, 6.668988140095988e-10, 1.7954899823873963e-08, 6.553625061958904e-10, 9.295531146668306e-10, 6.658897277851931e-10, 6.667434775987202e-10, 6.623481069256567e-10, 6.652408280019687e-10, 6.565985824379096e-10, 6.605915837353563e-10, 6.579864412501515e-10, 6.275869686667734e-10, 6.621757905783253e-10, 1.3737888950870744e-09, 6.404561541444395e-09, 4.0699347812372625e-09, 6.579864412505807e-10, 6.579864412503969e-10, 6.308814038959778e-10, 1.6080788970508313e-07, 6.42596921449573e-10, 4.556985858231932e-09, 6.577085465894035e-10, 1.0844942948614994e-09, 1.8301030579869215e-09, 5.822025736164415e-10, 1.7418082783411825e-09, 6.286326972214187e-10, 0.9999997815850431, 6.617521156922588e-10]"
hMpxV/USA/WA-UW-490338/2024|EPI_ISL_19243973|2024-05-30,"[0.0, 0.0, 0.0, 0.0, 0.0, 0.0, 0.0, 0.0, 0.0, 0.0, 0.0, 0.0, 0.0, 0.0, 0.0, 0.0, 0.0, 0.0, 0.0, 0.0, 0.0, 0.0, 0.0, 0.0, 0.0, 0.0, 0.0, 0.0, 0.0, 1.0, 0.0]"
hMpxV/USA/WA-UW-429625/2024|EPI_ISL_19243972|2024-05-28,"[0.0, 0.0, 0.0, 0.0, 0.0, 0.0, 0.0, 0.0, 0.0, 0.0, 0.0, 0.0, 0.0, 0.0, 0.0, 0.0, 0.0, 0.0, 0.0, 0.0, 0.0, 0.0, 0.0, 0.0, 0.0, 0.0, 0.0, 0.0, 0.0, 1.0, 0.0]"
NODE_0000286,"[1.5291238239830055e-06, 2.1491380727701866e-07, 5.013193669457894e-06, 2.0946228782741252e-07, 3.02421981740493e-07, 2.140278196750349e-07, 2.1363799961301658e-07, 2.1194531783563717e-07, 2.135512042814466e-07, 2.0984438143103875e-07, 2.1051323223869637e-07, 2.097754032466318e-07, 2.0185491112682447e-07, 2.145561063390398e-07, 4.1047143943260845e-07, 1.8518643591465356e-06, 1.1668961333468768e-06, 2.097754032466375e-07, 2.0977540324663473e-07, 2.0323024022848523e-07, 3.942915519743628e-05, 2.0702057505021596e-07, 1.2639269463015154e-06, 2.1002110833304586e-07, 3.4110698167550705e-07, 5.448347693920694e-07, 1.899748701664955e-07, 5.195044839824018e-07, 2.0191060911643992e-07, 0.9999436596166948, 2.1209283886325478e-07]"
hMpxV/USA/WA-UW-185727/2024|EPI_ISL_19336734|2024-07-11,"[0.0, 0.0, 0.0, 0.0, 0.0, 0.0, 0.0, 0.0, 0.0, 0.0, 0.0, 0.0, 0.0, 0.0, 0.0, 0.0, 0.0, 0.0, 0.0, 0.0, 0.0, 0.0, 0.0, 0.0, 0.0, 0.0, 0.0, 0.0, 0.0, 0.9999999999999999, 0.0]"
NODE_0000287,"[4.784310112400838e-09, 2.3619550229677077e-10, 2.4980771136336733e-08, 2.2400312800161843e-10, 4.040434759748371e-10, 2.3321168766847e-10, 2.353710666467856e-10, 2.3056629029434915e-10, 2.3131630436219984e-10, 2.2725460284830704e-10, 2.3252893553671214e-10, 2.2784900401435793e-10, 2.102458656218534e-10, 2.3419381280533513e-10, 6.521683966649122e-10, 6.068633844824329e-09, 2.7435986212276998e-09, 2.2784900401437424e-10, 2.2784900401436145e-10, 2.1679124175048514e-10, 9.159295156345874e-07, 2.1312547808873038e-10, 3.759543592934806e-09, 2.2655750438246495e-10, 4.512483497952562e-10, 9.377501531501784e-10, 1.9188366975971954e-10, 8.788835841422917e-10, 2.1304159747194896e-10, 0.9999990341405378, 2.2916156266790768e-10]"
hMpxV/USA/WA-UW-012709/2024|EPI_ISL_19420219|2024-09-02,"[0.0, 0.0, 0.0, 0.0, 0.0, 0.0, 0.0, 0.0, 0.0, 0.0, 0.0, 0.0, 0.0, 0.0, 0.0, 0.0, 0.0, 0.0, 0.0, 0.0, 0.0, 0.0, 0.0, 0.0, 0.0, 0.0, 0.0, 0.0, 0.0, 1.0, 0.0]"
hMpxV/USA/WA-UW-026851/2024|EPI_ISL_19420221|2024-08-30,"[0.0, 0.0, 0.0, 0.0, 0.0, 0.0, 0.0, 0.0, 0.0, 0.0, 0.0, 0.0, 0.0, 0.0, 0.0, 0.0, 0.0, 0.0, 0.0, 0.0, 0.0, 0.0, 0.0, 0.0, 0.0, 0.0, 0.0, 0.0, 0.0, 1.0, 0.0]"
NODE_0000288,"[4.0353257342858494e-07, 1.7539445227178675e-09, 7.368026776404153e-08, 1.7178696232089104e-09, 2.4689262794739e-09, 1.7482957516675044e-09, 1.7610542841061246e-09, 1.7436890492550384e-09, 1.7488939300413029e-09, 1.7257774140953047e-09, 1.752455225738319e-09, 1.7352976532805791e-09, 1.6118859488432643e-09, 1.725821137269694e-09, 4.473624705520269e-09, 1.7890039536449066e-08, 1.135446780128639e-08, 1.7352976532807855e-09, 1.7352976532806143e-09, 1.6281270304616673e-09, 6.882711859977164e-07, 1.6490805866288089e-09, 1.3041192175544651e-08, 1.7322680289961226e-09, 3.56861168070605e-09, 5.043835258832112e-09, 1.4727595973539155e-09, 4.813700757367626e-09, 1.6291358970268872e-09, 0.9999987395150036, 1.7396199457008452e-09]"
hMpxV/Australia/QLD-MX000147/2024|EPI_ISL_19539788|2024-10-14,"[1.0, 0.0, 0.0, 0.0, 0.0, 0.0, 0.0, 0.0, 0.0, 0.0, 0.0, 0.0, 0.0, 0.0, 0.0, 0.0, 0.0, 0.0, 0.0, 0.0, 0.0, 0.0, 0.0, 0.0, 0.0, 0.0, 0.0, 0.0, 0.0, 0.0, 0.0]"
hMpxV/USA/CA-LACPHL-MA00644/2024|EPI_ISL_19273376|2024-06-20,"[0.0, 0.0, 0.0, 0.0, 0.0, 0.0, 0.0, 0.0, 0.0, 0.0, 0.0, 0.0, 0.0, 0.0, 0.0, 0.0, 0.0, 0.0, 0.0, 0.0, 0.0, 0.0, 0.0, 0.0, 0.0, 0.0, 0.0, 0.0, 0.0, 1.0, 0.0]"
hMpxV/USA/un-UW-276161/2024|EPI_ISL_19502000|2024-09-18,"[0.0, 0.0, 0.0, 0.0, 0.0, 0.0, 0.0, 0.0, 0.0, 0.0, 0.0, 0.0, 0.0, 0.0, 0.0, 0.0, 0.0, 0.0, 0.0, 0.0, 0.0, 0.0, 0.0, 0.0, 0.0, 0.0, 0.0, 0.0, 0.0, 1.0, 0.0]"
NODE_0000253,"[1.6947054280713133e-12, 4.442190544019555e-14, 1.5812847784721597e-11, 4.22067184170551e-14, 8.401025007427511e-14, 4.390392342125306e-14, 4.4935228716860627e-14, 4.3838907058768447e-14, 4.3556417038763496e-14, 4.319220218928299e-14, 4.50635004747854e-14, 4.361603336230707e-14, 3.8400703918726373e-14, 4.3411410249811883e-14, 1.848798065288842e-13, 2.8410218822063836e-12, 1.097246772245069e-12, 4.361603336231319e-14, 4.361603336230999e-14, 4.0052288862804626e-14, 1.6472088274167343e-09, 3.848622269380945e-14, 1.8724157812394e-12, 4.301804515439457e-14, 1.0130526347378554e-13, 2.828628639929983e-13, 3.3331608668080857e-14, 2.61097846219168e-13, 3.9375167756766343e-14, 0.9999999983277575, 4.3222147231329203e-14]"
hMpxV/USA/IL-RIPHL-04-0074/2023|EPI_ISL_18137801|2023-06-22,"[0.0, 0.0, 0.0, 0.0, 0.0, 0.0, 0.0, 0.0, 0.0, 0.0, 0.0, 0.0, 0.0, 0.0, 0.0, 0.0, 0.0, 0.0, 0.0, 0.0, 0.0, 0.0, 0.0, 0.0, 0.0, 0.0, 0.0, 0.0, 0.0, 1.0, 0.0]"
hMpxV/USA/IL-RIPHL-04-0076/2023|EPI_ISL_18137803|2023-06-27,"[0.0, 0.0, 0.0, 0.0, 0.0, 0.0, 0.0, 0.0, 0.0, 0.0, 0.0, 0.0, 0.0, 0.0, 0.0, 0.0, 0.0, 0.0, 0.0, 0.0, 0.0, 0.0, 0.0, 0.0, 0.0, 0.0, 0.0, 0.0, 0.0, 1.0, 0.0]"
hMpxV/USA/IL-RIPHL-04-0067/2023|EPI_ISL_18137820|2023-06-08,"[0.0, 0.0, 0.0, 0.0, 0.0, 0.0, 0.0, 0.0, 0.0, 0.0, 0.0, 0.0, 0.0, 0.0, 0.0, 0.0, 0.0, 0.0, 0.0, 0.0, 0.0, 0.0, 0.0, 0.0, 0.0, 0.0, 0.0, 0.0, 0.0, 1.0, 0.0]"
NODE_0000254,"[3.260915880921067e-12, 7.300744703505986e-14, 1.0801505189154985e-10, 6.697124677424592e-14, 1.700780660313218e-13, 7.154258519101783e-14, 7.343339351718077e-14, 7.058761832196489e-14, 7.071339153994483e-14, 6.90499285479545e-14, 7.214007684536645e-14, 6.926557278147703e-14, 6.113670648013301e-14, 7.246544803477771e-14, 2.8557043535381216e-13, 5.9464190961090154e-12, 1.8135221762439172e-12, 6.9265572781487e-14, 6.926557278148316e-14, 6.480378157178785e-14, 5.571685035700984e-09, 6.119942599054274e-14, 3.5671408810516778e-12, 6.84074416330282e-14, 1.7026841658404017e-13, 4.5289882658224737e-13, 5.4207213627685724e-14, 4.172076682936513e-13, 6.282765700307923e-14, 0.9999999943029259, 6.968199801552555e-14]"
hMpxV/USA/IL-RIPHL-04-0089/2023|EPI_ISL_18137808|2023-07-21,"[0.0, 0.0, 0.0, 0.0, 0.0, 0.0, 0.0, 0.0, 0.0, 0.0, 0.0, 0.0, 0.0, 0.0, 0.0, 0.0, 0.0, 0.0, 0.0, 0.0, 0.0, 0.0, 0.0, 0.0, 0.0, 0.0, 0.0, 0.0, 0.0, 0.9999999999999999, 0.0]"
NODE_0000272,"[7.720744670830044e-13, 4.103124008825838e-14, 4.455711531774891e-12, 3.986964197945235e-14, 6.62177647031894e-14, 4.083244758698222e-14, 4.1425845620395434e-14, 4.0817979461740484e-14, 4.068490742557396e-14, 4.037362318830086e-14, 4.144870865875723e-14, 4.0682753517945875e-14, 3.705066222571748e-14, 4.0265163373049724e-14, 1.267001425521337e-13, 1.0996069691810048e-12, 5.472959784875885e-13, 4.068275351799546e-14, 4.068275351797449e-14, 3.7900585065972397e-14, 1.5053771748605518e-10, 3.7489341776138004e-14, 7.746095269533137e-13, 4.034923644064836e-14, 8.039109172039252e-14, 1.8138197241631507e-13, 3.2915616130884356e-14, 1.6978373136250208e-13, 3.7586454262945895e-14, 0.999999999840436, 4.0466243563631895e-14]"
hMpxV/USA/CA-CDPH-1M1000595/2023|EPI_ISL_19295744|2023-09-26,"[0.0, 0.0, 0.0, 0.0, 0.0, 0.0, 0.0, 0.0, 0.0, 0.0, 0.0, 0.0, 0.0, 0.0, 0.0, 0.0, 0.0, 0.0, 0.0, 0.0, 0.0, 0.0, 0.0, 0.0, 0.0, 0.0, 0.0, 0.0, 0.0, 1.0, 0.0]"
hMpxV/USA/CA-CDPH-1M1000363/2023|EPI_ISL_18786348|2023-09-22,"[0.0, 0.0, 0.0, 0.0, 0.0, 0.0, 0.0, 0.0, 0.0, 0.0, 0.0, 0.0, 0.0, 0.0, 0.0, 0.0, 0.0, 0.0, 0.0, 0.0, 0.0, 0.0, 0.0, 0.0, 0.0, 0.0, 0.0, 0.0, 0.0, 1.0, 0.0]"
hMpxV/USA/CA-CDPH-1M1000364/2023|EPI_ISL_18786349|2023-09-22,"[0.0, 0.0, 0.0, 0.0, 0.0, 0.0, 0.0, 0.0, 0.0, 0.0, 0.0, 0.0, 0.0, 0.0, 0.0, 0.0, 0.0, 0.0, 0.0, 0.0, 0.0, 0.0, 0.0, 0.0, 0.0, 0.0, 0.0, 0.0, 0.0, 1.0, 0.0]"
NODE_0000269,"[2.408716518215068e-07, 1.2037117065499483e-08, 0.03628755797145688, 1.1577487915741383e-08, 6.464579269731817e-08, 1.1952936180717595e-08, 1.3819720900273996e-08, 1.1925829020949077e-08, 1.1950159534903347e-08, 1.1736741639037841e-08, 1.201571475482839e-08, 1.178922824176671e-08, 1.0669747987745329e-08, 1.187910165163986e-08, 1.9662204354371582e-08, 2.0760914711753204e-07, 6.096758345131732e-08, 1.178922824176732e-08, 1.1789228241767217e-08, 1.0944152665955685e-08, 3.378043948286604e-05, 1.0812271515861784e-08, 6.576923486225222e-07, 1.17085193071559e-08, 1.6965662448390992e-08, 3.036693022493464e-08, 9.334494058030465e-09, 2.934253266500552e-08, 1.0801638773318117e-08, 0.9636771130968106, 1.1835078656371436e-08]"
hMpxV/Brazil/SC-FIOCRUZ-10552/2024|EPI_ISL_19416189|2024-01-09,"[0.0, 0.0, 1.0, 0.0, 0.0, 0.0, 0.0, 0.0, 0.0, 0.0, 0.0, 0.0, 0.0, 0.0, 0.0, 0.0, 0.0, 0.0, 0.0, 0.0, 0.0, 0.0, 0.0, 0.0, 0.0, 0.0, 0.0, 0.0, 0.0, 0.0, 0.0]"
hMpxV/Brazil/SC-FIOCRUZ-10553/2024|EPI_ISL_19416190|2024-01-09,"[0.0, 0.0, 1.0, 0.0, 0.0, 0.0, 0.0, 0.0, 0.0, 0.0, 0.0, 0.0, 0.0, 0.0, 0.0, 0.0, 0.0, 0.0, 0.0, 0.0, 0.0, 0.0, 0.0, 0.0, 0.0, 0.0, 0.0, 0.0, 0.0, 0.0, 0.0]"
hMpxV/USA/IL-RIPHL-004-0125/2024|EPI_ISL_19158945|2024-01-23,"[0.0, 0.0, 0.0, 0.0, 0.0, 0.0, 0.0, 0.0, 0.0, 0.0, 0.0, 0.0, 0.0, 0.0, 0.0, 0.0, 0.0, 0.0, 0.0, 0.0, 0.0, 0.0, 0.0, 0.0, 0.0, 0.0, 0.0, 0.0, 0.0, 1.0, 0.0]"
NODE_0000270,"[9.67210221870844e-13, 2.0582835995523732e-14, 1.3174973798722086e-08, 1.907486797261399e-14, 7.853979039624912e-14, 2.0219796560018658e-14, 2.2122843804432657e-14, 2.0000691638805736e-14, 1.9969226369872982e-14, 1.9603429179072966e-14, 2.0500547819944398e-14, 1.9734860372783094e-14, 1.7267955399504217e-14, 2.024629601390472e-14, 6.347885631702203e-14, 1.3629504218984942e-12, 3.4778766273958353e-13, 1.9734860372793583e-14, 1.973486037278974e-14, 1.820016964773079e-14, 1.9368098630379687e-09, 1.728423344502288e-14, 1.7710423994462382e-12, 1.947616588029511e-14, 4.0556052069113187e-14, 1.0394282755959194e-13, 1.50080222814201e-14, 9.714001326532285e-14, 1.7739737575063705e-14, 0.9999999848830176, 1.9727526992064598e-14]"
hMpxV/USA/CA-CDPH-1M1000468/2024|EPI_ISL_19143462|2024-02-05,"[0.0, 0.0, 0.0, 0.0, 0.0, 0.0, 0.0, 0.0, 0.0, 0.0, 0.0, 0.0, 0.0, 0.0, 0.0, 0.0, 0.0, 0.0, 0.0, 0.0, 0.0, 0.0, 0.0, 0.0, 0.0, 0.0, 0.0, 0.0, 0.0, 1.0, 0.0]"
hMpxV/USA/CA-CDPH-1M1000477/2024|EPI_ISL_19143471|2024-02-16,"[0.0, 0.0, 0.0, 0.0, 0.0, 0.0, 0.0, 0.0, 0.0, 0.0, 0.0, 0.0, 0.0, 0.0, 0.0, 0.0, 0.0, 0.0, 0.0, 0.0, 0.0, 0.0, 0.0, 0.0, 0.0, 0.0, 0.0, 0.0, 0.0, 1.0, 0.0]"
hMpxV/USA/CA-CDPH-1M1000461/2023|EPI_ISL_18959318|2023-12-27,"[0.0, 0.0, 0.0, 0.0, 0.0, 0.0, 0.0, 0.0, 0.0, 0.0, 0.0, 0.0, 0.0, 0.0, 0.0, 0.0, 0.0, 0.0, 0.0, 0.0, 0.0, 0.0, 0.0, 0.0, 0.0, 0.0, 0.0, 0.0, 0.0, 1.0, 0.0]"
hMpxV/USA/CA-LACPHL-MA00627/2024|EPI_ISL_19196357|2024-05-20,"[0.0, 0.0, 0.0, 0.0, 0.0, 0.0, 0.0, 0.0, 0.0, 0.0, 0.0, 0.0, 0.0, 0.0, 0.0, 0.0, 0.0, 0.0, 0.0, 0.0, 0.0, 0.0, 0.0, 0.0, 0.0, 0.0, 0.0, 0.0, 0.0, 0.9999999999999999, 0.0]"
NODE_0000271,"[5.6375231562534275e-09, 6.010920664413946e-10, 2.046592650750142e-08, 5.93028117797753e-10, 8.458801621195712e-10, 6.002966278892317e-10, 6.037884320664989e-10, 5.996120554923944e-10, 6.002687707954461e-10, 5.948341707887973e-10, 6.00997678340478e-10, 5.975295215092623e-10, 5.63464809097343e-10, 5.935125818228106e-10, 1.369534098316483e-09, 6.908958884935511e-09, 4.355245124445238e-09, 5.975295215096243e-10, 5.975295215094798e-10, 5.671666405763481e-10, 2.3256551024784773e-07, 5.755047252447669e-10, 5.134032893980713e-09, 5.959886403560865e-10, 1.0139950907228924e-09, 1.8410217876940937e-09, 5.151765466135615e-10, 1.7468106346387652e-09, 5.657946103321279e-10, 0.9999997069546407, 5.978056147691889e-10]"
hMpxV/USA/CA-CDPH-1M1000476/2024|EPI_ISL_19143470|2024-02-15,"[0.0, 0.0, 0.0, 0.0, 0.0, 0.0, 0.0, 0.0, 0.0, 0.0, 0.0, 0.0, 0.0, 0.0, 0.0, 0.0, 0.0, 0.0, 0.0, 0.0, 0.0, 0.0, 0.0, 0.0, 0.0, 0.0, 0.0, 0.0, 0.0, 0.9999999999999999, 0.0]"
hMpxV/USA/CA-CDPH-1M1000471/2024|EPI_ISL_19143465|2024-02-07,"[0.0, 0.0, 0.0, 0.0, 0.0, 0.0, 0.0, 0.0, 0.0, 0.0, 0.0, 0.0, 0.0, 0.0, 0.0, 0.0, 0.0, 0.0, 0.0, 0.0, 0.0, 0.0, 0.0, 0.0, 0.0, 0.0, 0.0, 0.0, 0.0, 1.0, 0.0]"
NODE_0000255,"[1.7826298640913128e-07, 2.136411342068284e-08, 6.219822376742201e-07, 2.0936822774396474e-08, 3.0192158836610896e-08, 2.1297929229601132e-08, 2.1350321340285146e-08, 2.118510994701135e-08, 2.1273074010904052e-08, 2.0994038306544828e-08, 2.1147031893462764e-08, 2.1040502444813787e-08, 2.0019657207658293e-08, 2.120519545674457e-08, 4.503367921383132e-08, 2.1805506187796038e-07, 1.36780624241628e-07, 2.1040502444815613e-08, 2.1040502444814607e-08, 2.0165979945936806e-08, 6.0582273777903575e-06, 2.0483277578145344e-08, 1.5554200620351422e-07, 2.1020995263490988e-08, 3.512298598142153e-08, 6.026305393331063e-08, 1.855514007697174e-08, 5.729544630841614e-08, 2.007085965568351e-08, 0.9999920078953041, 2.1156024012935836e-08]"
NODE_0000257,"[1.5120276913387398e-11, 7.024205096799829e-13, 9.164196506687284e-11, 6.871131557314052e-13, 1.1314049936609808e-12, 7.001159686141555e-13, 7.130213038813715e-13, 7.030032762470409e-13, 6.983732100844361e-13, 6.961175270715357e-13, 7.171440068191201e-13, 7.032207264168899e-13, 6.340113177126334e-13, 6.853173397098307e-13, 2.3679827810019637e-12, 2.162832106146427e-11, 1.0792116607869143e-11, 7.032207264169417e-13, 7.032207264168428e-13, 6.482953289022508e-13, 3.744447424260352e-09, 6.402302866020703e-13, 1.592528405680214e-11, 6.961520722779636e-13, 1.4171920792265972e-12, 3.4086418494239763e-12, 5.549071404777489e-13, 3.183154125260519e-12, 6.443571876037937e-13, 0.9999999960760103, 6.956546660371945e-13]"
hMpxV/USA/CA-CDPH-1M1000430/2023|EPI_ISL_18781815|2023-10-16,"[0.0, 0.0, 0.0, 0.0, 0.0, 0.0, 0.0, 0.0, 0.0, 0.0, 0.0, 0.0, 0.0, 0.0, 0.0, 0.0, 0.0, 0.0, 0.0, 0.0, 0.0, 0.0, 0.0, 0.0, 0.0, 0.0, 0.0, 0.0, 0.0, 1.0, 0.0]"
hMpxV/USA/CA-CDPH-1M1000435/2023|EPI_ISL_18781820|2023-10-12,"[0.0, 0.0, 0.0, 0.0, 0.0, 0.0, 0.0, 0.0, 0.0, 0.0, 0.0, 0.0, 0.0, 0.0, 0.0, 0.0, 0.0, 0.0, 0.0, 0.0, 0.0, 0.0, 0.0, 0.0, 0.0, 0.0, 0.0, 0.0, 0.0, 0.9999999999999999, 0.0]"
NODE_0000258,"[4.7013498400012354e-11, 4.466860483181406e-12, 1.7638841971698456e-10, 4.4516689405844765e-12, 6.1988005331178044e-12, 4.4756830707777005e-12, 4.516941520195831e-12, 4.49365637157881e-12, 4.482166208898546e-12, 4.464653252712175e-12, 4.524730599943017e-12, 4.497502467147292e-12, 4.2003539276961086e-12, 4.3829979760817025e-12, 1.1051916377161842e-11, 5.739201747799407e-11, 3.665471365950734e-11, 4.497502467150519e-12, 4.4975024671490115e-12, 4.218571795351033e-12, 2.310491048337788e-09, 4.282723372506014e-12, 4.4753025038008046e-11, 4.47811992202874e-12, 7.729571947163346e-12, 1.4901942404814416e-11, 3.7777011852337814e-12, 1.4112674188312955e-11, 4.223650323778998e-12, 0.999999997189907, 4.472305091024794e-12]"
hMpxV/USA/CA-CDPH-1M1000434/2023|EPI_ISL_18781819|2023-10-12,"[0.0, 0.0, 0.0, 0.0, 0.0, 0.0, 0.0, 0.0, 0.0, 0.0, 0.0, 0.0, 0.0, 0.0, 0.0, 0.0, 0.0, 0.0, 0.0, 0.0, 0.0, 0.0, 0.0, 0.0, 0.0, 0.0, 0.0, 0.0, 0.0, 1.0, 0.0]"
hMpxV/USA/CA-CDPH-1M1000617/2023|EPI_ISL_19295762|2023-10-13,"[0.0, 0.0, 0.0, 0.0, 0.0, 0.0, 0.0, 0.0, 0.0, 0.0, 0.0, 0.0, 0.0, 0.0, 0.0, 0.0, 0.0, 0.0, 0.0, 0.0, 0.0, 0.0, 0.0, 0.0, 0.0, 0.0, 0.0, 0.0, 0.0, 1.0, 0.0]"
NODE_0000256,"[1.8470738204533632e-17, 1.0811064115441961e-19, 4.836418773916332e-16, 9.884397907639235e-20, 2.7874737729179514e-19, 1.0570957900614136e-19, 1.102446691313418e-19, 1.0556388908332774e-19, 1.0399912907894388e-19, 1.0328864499551864e-19, 1.1149210767818494e-19, 1.049215609042793e-19, 8.585409000236125e-20, 1.0437327915698407e-19, 8.562928085871196e-19, 4.3503101334912286e-17, 9.894903362705789e-18, 1.0492156090434906e-19, 1.0492156090431428e-19, 9.293559988304833e-20, 6.323854617090434e-13, 8.433973446935687e-20, 2.5183106935408723e-17, 1.0225074452925005e-19, 3.3914614890714614e-19, 1.502089919460422e-18, 7.038639009226546e-20, 1.3464342613660742e-18, 8.999442885342872e-20, 0.9999999999993671, 1.0284613426728015e-19]"
hMpxV/USA/NV-SNPHL-783216/2023|EPI_ISL_18567806|2023-10-18,"[0.0, 0.0, 0.0, 0.0, 0.0, 0.0, 0.0, 0.0, 0.0, 0.0, 0.0, 0.0, 0.0, 0.0, 0.0, 0.0, 0.0, 0.0, 0.0, 0.0, 0.0, 0.0, 0.0, 0.0, 0.0, 0.0, 0.0, 0.0, 0.0, 1.0, 0.0]"
hMpxV/USA/NV-SNPHL-784061/2023|EPI_ISL_18567807|2023-10-25,"[0.0, 0.0, 0.0, 0.0, 0.0, 0.0, 0.0, 0.0, 0.0, 0.0, 0.0, 0.0, 0.0, 0.0, 0.0, 0.0, 0.0, 0.0, 0.0, 0.0, 0.0, 0.0, 0.0, 0.0, 0.0, 0.0, 0.0, 0.0, 0.0, 1.0, 0.0]"
hMpxV/USA/CA-CDPH-1M1000431/2023|EPI_ISL_18781816|2023-10-13,"[0.0, 0.0, 0.0, 0.0, 0.0, 0.0, 0.0, 0.0, 0.0, 0.0, 0.0, 0.0, 0.0, 0.0, 0.0, 0.0, 0.0, 0.0, 0.0, 0.0, 0.0, 0.0, 0.0, 0.0, 0.0, 0.0, 0.0, 0.0, 0.0, 1.0, 0.0]"
hMpxV/USA/CA-CDPH-1M1000380/2023|EPI_ISL_18781792|2023-09-27,"[0.0, 0.0, 0.0, 0.0, 0.0, 0.0, 0.0, 0.0, 0.0, 0.0, 0.0, 0.0, 0.0, 0.0, 0.0, 0.0, 0.0, 0.0, 0.0, 0.0, 0.0, 0.0, 0.0, 0.0, 0.0, 0.0, 0.0, 0.0, 0.0, 1.0, 0.0]"
hMpxV/USA/CA-CDPH-1M1000404/2023|EPI_ISL_18781929|2023-11-09,"[0.0, 0.0, 0.0, 0.0, 0.0, 0.0, 0.0, 0.0, 0.0, 0.0, 0.0, 0.0, 0.0, 0.0, 0.0, 0.0, 0.0, 0.0, 0.0, 0.0, 0.0, 0.0, 0.0, 0.0, 0.0, 0.0, 0.0, 0.0, 0.0, 0.9999999999999999, 0.0]"
hMpxV/USA/CA-CDPH-1M1000403/2023|EPI_ISL_18781928|2023-11-09,"[0.0, 0.0, 0.0, 0.0, 0.0, 0.0, 0.0, 0.0, 0.0, 0.0, 0.0, 0.0, 0.0, 0.0, 0.0, 0.0, 0.0, 0.0, 0.0, 0.0, 0.0, 0.0, 0.0, 0.0, 0.0, 0.0, 0.0, 0.0, 0.0, 0.9999999999999999, 0.0]"
NODE_0000259,"[8.936800092121856e-12, 4.647327948028355e-13, 5.2227717086687996e-11, 4.5085346340027944e-13, 7.554138411689111e-13, 4.620482085680176e-13, 4.690284487074374e-13, 4.61855793617605e-13, 4.603301479094173e-13, 4.567405566814639e-13, 4.691490753933737e-13, 4.602376836226224e-13, 4.187253585424734e-13, 4.560223116810715e-13, 1.4492522751649036e-12, 1.2791844403695929e-11, 6.330721609370106e-12, 4.602376836227793e-13, 4.602376836226698e-13, 4.287961087054696e-13, 1.8377039210021761e-09, 4.2354242852328284e-13, 9.02338661004049e-12, 4.563622352322524e-13, 9.148493405237637e-13, 2.0788656386052396e-12, 3.719635185090765e-13, 1.945021580572861e-12, 4.249554818785403e-13, 0.9999999980573286, 4.577816172252742e-13]"
hMpxV/USA/IL-RIPHL-04-0078/2023|EPI_ISL_18137807|2023-07-03,"[0.0, 0.0, 0.0, 0.0, 0.0, 0.0, 0.0, 0.0, 0.0, 0.0, 0.0, 0.0, 0.0, 0.0, 0.0, 0.0, 0.0, 0.0, 0.0, 0.0, 0.0, 0.0, 0.0, 0.0, 0.0, 0.0, 0.0, 0.0, 0.0, 1.0, 0.0]"
hMpxV/USA/IL-RIPHL-050-0094/2023|EPI_ISL_18168623|2023-07-26,"[0.0, 0.0, 0.0, 0.0, 0.0, 0.0, 0.0, 0.0, 0.0, 0.0, 0.0, 0.0, 0.0, 0.0, 0.0, 0.0, 0.0, 0.0, 0.0, 0.0, 0.0, 0.0, 0.0, 0.0, 0.0, 0.0, 0.0, 0.0, 0.0, 1.0, 0.0]"
NODE_0000260,"[6.711327484074186e-32, 7.737719853382194e-37, 1.8220161911773692e-28, 5.300215646193879e-37, 1.0585748625689386e-35, 6.9914643522168004e-37, 7.69812025163367e-37, 6.6212369876599064e-37, 6.498672898570464e-37, 6.1580557694225145e-37, 7.63318540723653e-37, 6.256386977800318e-37, 3.925794778168842e-37, 7.532377773209419e-37, 6.363034854205381e-35, 8.490881248534574e-31, 1.265588489789001e-32, 6.256386977804259e-37, 6.256386977802534e-37, 5.210458980596e-37, 5.514805367404167e-21, 3.552675400427138e-37, 1.5575423736291356e-31, 5.851523079688642e-37, 9.217893701352133e-36, 2.1428380538488805e-34, 2.865802395886436e-37, 1.6940791115220093e-34, 4.527057535473325e-37, 1.0, 6.192580490832385e-37]"
hMpxV/USA/CA-CDPH-1M1000423/2023|EPI_ISL_18781807|2023-10-17,"[0.0, 0.0, 0.0, 0.0, 0.0, 0.0, 0.0, 0.0, 0.0, 0.0, 0.0, 0.0, 0.0, 0.0, 0.0, 0.0, 0.0, 0.0, 0.0, 0.0, 0.0, 0.0, 0.0, 0.0, 0.0, 0.0, 0.0, 0.0, 0.0, 1.0, 0.0]"
hMpxV/USA/CA-CDPH-1M1000350/2023|EPI_ISL_18452341|2023-10-02,"[0.0, 0.0, 0.0, 0.0, 0.0, 0.0, 0.0, 0.0, 0.0, 0.0, 0.0, 0.0, 0.0, 0.0, 0.0, 0.0, 0.0, 0.0, 0.0, 0.0, 0.0, 0.0, 0.0, 0.0, 0.0, 0.0, 0.0, 0.0, 0.0, 1.0, 0.0]"
hMpxV/USA/CA-CDPH-1M1000402/2023|EPI_ISL_18781926|2023-11-07,"[0.0, 0.0, 0.0, 0.0, 0.0, 0.0, 0.0, 0.0, 0.0, 0.0, 0.0, 0.0, 0.0, 0.0, 0.0, 0.0, 0.0, 0.0, 0.0, 0.0, 0.0, 0.0, 0.0, 0.0, 0.0, 0.0, 0.0, 0.0, 0.0, 1.0, 0.0]"
hMpxV/USA/CA-CDPH-1M1000336/2023|EPI_ISL_18399144|2023-08-20,"[0.0, 0.0, 0.0, 0.0, 0.0, 0.0, 0.0, 0.0, 0.0, 0.0, 0.0, 0.0, 0.0, 0.0, 0.0, 0.0, 0.0, 0.0, 0.0, 0.0, 0.0, 0.0, 0.0, 0.0, 0.0, 0.0, 0.0, 0.0, 0.0, 1.0, 0.0]"
hMpxV/USA/CA-CDPH-1M1000442/2023|EPI_ISL_18781629|2023-10-30,"[0.0, 0.0, 0.0, 0.0, 0.0, 0.0, 0.0, 0.0, 0.0, 0.0, 0.0, 0.0, 0.0, 0.0, 0.0, 0.0, 0.0, 0.0, 0.0, 0.0, 0.0, 0.0, 0.0, 0.0, 0.0, 0.0, 0.0, 0.0, 0.0, 1.0, 0.0]"
hMpxV/USA/CA-CDPH-1M1000542/2023|EPI_ISL_19170471|2023-10-25,"[0.0, 0.0, 0.0, 0.0, 0.0, 0.0, 0.0, 0.0, 0.0, 0.0, 0.0, 0.0, 0.0, 0.0, 0.0, 0.0, 0.0, 0.0, 0.0, 0.0, 0.0, 0.0, 0.0, 0.0, 0.0, 0.0, 0.0, 0.0, 0.0, 1.0, 0.0]"
hMpxV/USA/CA-CDPH-1M1000544/2023|EPI_ISL_19170473|2023-10-27,"[0.0, 0.0, 0.0, 0.0, 0.0, 0.0, 0.0, 0.0, 0.0, 0.0, 0.0, 0.0, 0.0, 0.0, 0.0, 0.0, 0.0, 0.0, 0.0, 0.0, 0.0, 0.0, 0.0, 0.0, 0.0, 0.0, 0.0, 0.0, 0.0, 1.0, 0.0]"
hMpxV/USA/CA-CDPH-1M1000540/2023|EPI_ISL_19170469|2023-11-01,"[0.0, 0.0, 0.0, 0.0, 0.0, 0.0, 0.0, 0.0, 0.0, 0.0, 0.0, 0.0, 0.0, 0.0, 0.0, 0.0, 0.0, 0.0, 0.0, 0.0, 0.0, 0.0, 0.0, 0.0, 0.0, 0.0, 0.0, 0.0, 0.0, 1.0, 0.0]"
hMpxV/USA/CA-CDPH-1M1000546/2023|EPI_ISL_19170475|2023-10-29,"[0.0, 0.0, 0.0, 0.0, 0.0, 0.0, 0.0, 0.0, 0.0, 0.0, 0.0, 0.0, 0.0, 0.0, 0.0, 0.0, 0.0, 0.0, 0.0, 0.0, 0.0, 0.0, 0.0, 0.0, 0.0, 0.0, 0.0, 0.0, 0.0, 1.0, 0.0]"
hMpxV/USA/CA-CDPH-1M1000541/2023|EPI_ISL_19170470|2023-10-25,"[0.0, 0.0, 0.0, 0.0, 0.0, 0.0, 0.0, 0.0, 0.0, 0.0, 0.0, 0.0, 0.0, 0.0, 0.0, 0.0, 0.0, 0.0, 0.0, 0.0, 0.0, 0.0, 0.0, 0.0, 0.0, 0.0, 0.0, 0.0, 0.0, 1.0, 0.0]"
hMpxV/USA/CA-CDPH-1M1000549/2023|EPI_ISL_19170478|2023-10-30,"[0.0, 0.0, 0.0, 0.0, 0.0, 0.0, 0.0, 0.0, 0.0, 0.0, 0.0, 0.0, 0.0, 0.0, 0.0, 0.0, 0.0, 0.0, 0.0, 0.0, 0.0, 0.0, 0.0, 0.0, 0.0, 0.0, 0.0, 0.0, 0.0, 1.0, 0.0]"
hMpxV/USA/CA-CDPH-1M1000615/2023|EPI_ISL_19295760|2023-09-23,"[0.0, 0.0, 0.0, 0.0, 0.0, 0.0, 0.0, 0.0, 0.0, 0.0, 0.0, 0.0, 0.0, 0.0, 0.0, 0.0, 0.0, 0.0, 0.0, 0.0, 0.0, 0.0, 0.0, 0.0, 0.0, 0.0, 0.0, 0.0, 0.0, 1.0, 0.0]"
hMpxV/USA/IL-RIPHL-050-0112/2023|EPI_ISL_19016768|2023-10-04,"[0.0, 0.0, 0.0, 0.0, 0.0, 0.0, 0.0, 0.0, 0.0, 0.0, 0.0, 0.0, 0.0, 0.0, 0.0, 0.0, 0.0, 0.0, 0.0, 0.0, 0.0, 0.0, 0.0, 0.0, 0.0, 0.0, 0.0, 0.0, 0.0, 1.0, 0.0]"
NODE_0000267,"[7.547195058686207e-08, 8.479067581404609e-09, 2.6947270629354055e-07, 8.335233356530707e-09, 1.197492678715576e-08, 8.458904313692541e-09, 8.495222590686162e-09, 8.431951694523603e-09, 8.453679240133918e-09, 8.360091007052462e-09, 8.435124960335483e-09, 8.388508841122525e-09, 7.943228701442862e-09, 8.393390985222887e-09, 1.8638679613347293e-08, 9.251248053889711e-08, 5.8100499920649766e-08, 8.38850884112296e-09, 8.388508841122282e-09, 8.000101226444664e-09, 2.863501890626902e-06, 8.119314648769215e-09, 6.7399405672986e-08, 8.373238591705246e-09, 1.413951934040363e-08, 2.5011165137591255e-08, 7.310765225740104e-09, 2.3752359341299735e-08, 7.970661590297296e-09, 0.9999963228859887, 8.412925146062649e-09]"
hMpxV/USA/CA-CDPH-1M1000391/2023|EPI_ISL_18781915|2023-10-20,"[0.0, 0.0, 0.0, 0.0, 0.0, 0.0, 0.0, 0.0, 0.0, 0.0, 0.0, 0.0, 0.0, 0.0, 0.0, 0.0, 0.0, 0.0, 0.0, 0.0, 0.0, 0.0, 0.0, 0.0, 0.0, 0.0, 0.0, 0.0, 0.0, 1.0, 0.0]"
hMpxV/USA/CA-CDPH-1M1000543/2023|EPI_ISL_19170472|2023-10-29,"[0.0, 0.0, 0.0, 0.0, 0.0, 0.0, 0.0, 0.0, 0.0, 0.0, 0.0, 0.0, 0.0, 0.0, 0.0, 0.0, 0.0, 0.0, 0.0, 0.0, 0.0, 0.0, 0.0, 0.0, 0.0, 0.0, 0.0, 0.0, 0.0, 1.0, 0.0]"
NODE_0000268,"[2.3134406675243867e-09, 2.563033432519438e-10, 8.27843752591625e-09, 2.525392255732629e-10, 3.6025126379694926e-10, 2.55922809196824e-10, 2.571298931944668e-10, 2.553465838442649e-10, 2.5584078839383375e-10, 2.5325439292669983e-10, 2.556258602560108e-10, 2.5424290466654825e-10, 2.4040690080728216e-10, 2.5343517807275405e-10, 5.700215617199775e-10, 2.829620355220206e-09, 1.7841375122961612e-09, 2.5424290466671364e-10, 2.5424290466663133e-10, 2.419490356474791e-10, 8.921997287647314e-08, 2.456857618520639e-10, 2.078179065725077e-09, 2.537192108172608e-10, 4.287361031150757e-10, 7.648691134912455e-10, 2.2061779222858963e-10, 7.262328778065031e-10, 2.412669712911851e-10, 0.9999998858896212, 2.547073162399004e-10]"
hMpxV/USA/CA-CDPH-1M1000443/2023|EPI_ISL_18781630|2023-10-27,"[0.0, 0.0, 0.0, 0.0, 0.0, 0.0, 0.0, 0.0, 0.0, 0.0, 0.0, 0.0, 0.0, 0.0, 0.0, 0.0, 0.0, 0.0, 0.0, 0.0, 0.0, 0.0, 0.0, 0.0, 0.0, 0.0, 0.0, 0.0, 0.0, 1.0, 0.0]"
hMpxV/USA/CA-CDPH-1M1000547/2023|EPI_ISL_19170476|2023-10-25,"[0.0, 0.0, 0.0, 0.0, 0.0, 0.0, 0.0, 0.0, 0.0, 0.0, 0.0, 0.0, 0.0, 0.0, 0.0, 0.0, 0.0, 0.0, 0.0, 0.0, 0.0, 0.0, 0.0, 0.0, 0.0, 0.0, 0.0, 0.0, 0.0, 1.0, 0.0]"
NODE_0000261,"[5.942054998706064e-11, 3.129328756774971e-12, 3.450763339543586e-10, 3.0375065504389183e-12, 5.071008480302479e-12, 3.1124266833296013e-12, 3.1583461247802514e-12, 3.110854656079165e-12, 3.1008956243517773e-12, 3.076575612385693e-12, 3.1591561138586004e-12, 3.0999390088076916e-12, 2.8222891247735488e-12, 3.0712094276038873e-12, 9.695601381320887e-12, 8.486972116279711e-11, 4.2093561983784896e-11, 3.099939008808134e-12, 3.0999390088078673e-12, 2.888813550856686e-12, 1.1890523342967742e-08, 2.8553191064809462e-12, 5.975651227219478e-11, 3.0742852067405154e-12, 6.143025360776551e-12, 1.3893983009771053e-11, 2.5081034369419485e-12, 1.3002835916937335e-11, 2.8636287845146015e-12, 0.9999999874131013, 3.083836315962994e-12]"
hMpxV/USA/CA-CDPH-1M1000539/2023|EPI_ISL_19170468|2023-11-02,"[0.0, 0.0, 0.0, 0.0, 0.0, 0.0, 0.0, 0.0, 0.0, 0.0, 0.0, 0.0, 0.0, 0.0, 0.0, 0.0, 0.0, 0.0, 0.0, 0.0, 0.0, 0.0, 0.0, 0.0, 0.0, 0.0, 0.0, 0.0, 0.0, 1.0, 0.0]"
hMpxV/USA/CA-CDPH-1M1000557/2023|EPI_ISL_19170486|2023-11-02,"[0.0, 0.0, 0.0, 0.0, 0.0, 0.0, 0.0, 0.0, 0.0, 0.0, 0.0, 0.0, 0.0, 0.0, 0.0, 0.0, 0.0, 0.0, 0.0, 0.0, 0.0, 0.0, 0.0, 0.0, 0.0, 0.0, 0.0, 0.0, 0.0, 1.0, 0.0]"
NODE_0000262,"[5.62135230620394e-10, 5.5601756683657486e-11, 2.0879040703337694e-09, 5.518795559664216e-11, 7.76551644915975e-11, 5.5633628501885794e-11, 5.608013930157569e-11, 5.574756442046913e-11, 5.5681065815935147e-11, 5.535462975623908e-11, 5.6039016667411215e-11, 5.570311853233566e-11, 5.220468071488922e-11, 5.4684399539724634e-11, 1.335524440755928e-10, 6.878696435895745e-10, 4.3669351014314975e-10, 5.570311853237281e-11, 5.570311853235415e-11, 5.2484033718151795e-11, 2.6193675199559538e-08, 5.326048702394574e-11, 5.267689805286344e-10, 5.549757330593232e-11, 9.535419515168055e-11, 1.7991672293246873e-10, 4.724209261914004e-11, 1.7049731525992498e-10, 5.246934816821679e-11, 0.9999999678121824, 5.551752888457586e-11]"
hMpxV/USA/CA-CDPH-1M1000554/2023|EPI_ISL_19170483|2023-10-30,"[0.0, 0.0, 0.0, 0.0, 0.0, 0.0, 0.0, 0.0, 0.0, 0.0, 0.0, 0.0, 0.0, 0.0, 0.0, 0.0, 0.0, 0.0, 0.0, 0.0, 0.0, 0.0, 0.0, 0.0, 0.0, 0.0, 0.0, 0.0, 0.0, 1.0, 0.0]"
NODE_0000263,"[5.057030481279496e-08, 5.3669404253271125e-09, 1.840602894378865e-07, 5.292743138631904e-09, 7.566003269179891e-09, 5.3585098654931775e-09, 5.390398560214217e-09, 5.352271083875643e-09, 5.358125922247726e-09, 5.3093683926452226e-09, 5.364990249589909e-09, 5.333391046269894e-09, 5.028282372892006e-09, 5.299258179584815e-09, 1.2253888270480269e-08, 6.204242866679561e-08, 3.906420234177465e-08, 5.333391046270154e-09, 5.3333910462699525e-09, 5.06267419873353e-09, 2.1084149763556163e-06, 5.135351858466381e-09, 4.6121303998566374e-08, 5.3193740111585064e-09, 9.062749413230987e-09, 1.647952887636911e-08, 4.5975381230939555e-09, 1.56346089603934e-08, 5.049540585175762e-09, 0.9999973491082671, 5.335908474576414e-09]"
hMpxV/USA/CA-CDPH-1M1000500/2023|EPI_ISL_19143458|2023-11-19,"[0.0, 0.0, 0.0, 0.0, 0.0, 0.0, 0.0, 0.0, 0.0, 0.0, 0.0, 0.0, 0.0, 0.0, 0.0, 0.0, 0.0, 0.0, 0.0, 0.0, 0.0, 0.0, 0.0, 0.0, 0.0, 0.0, 0.0, 0.0, 0.0, 1.0, 0.0]"
hMpxV/USA/CA-CDPH-1M1000466/2023|EPI_ISL_18959323|2023-12-14,"[0.0, 0.0, 0.0, 0.0, 0.0, 0.0, 0.0, 0.0, 0.0, 0.0, 0.0, 0.0, 0.0, 0.0, 0.0, 0.0, 0.0, 0.0, 0.0, 0.0, 0.0, 0.0, 0.0, 0.0, 0.0, 0.0, 0.0, 0.0, 0.0, 1.0, 0.0]"
NODE_0000264,"[5.696744218284586e-07, 7.546578154625723e-08, 1.92080823492879e-06, 7.353609722604993e-08, 1.070264958736072e-07, 7.511685122993601e-08, 7.508813554729044e-08, 7.445428632265913e-08, 7.495760214271093e-08, 7.371667853414351e-08, 7.40605398042534e-08, 7.373479105096104e-08, 7.069627656030636e-08, 7.52370699667711e-08, 1.4885573809686406e-07, 6.955915269867555e-07, 4.3464299738350407e-07, 7.373479105096685e-08, 7.373479105096247e-08, 7.125729070402487e-08, 1.6398361051080832e-05, 7.244194262852749e-08, 4.793012734207812e-07, 7.377041871112307e-08, 1.2135583035613276e-07, 1.9840735798386194e-07, 6.628987684175499e-08, 1.889658282325568e-07, 7.078168263143183e-08, 0.9999773444780006, 7.445633971747936e-08]"
hMpxV/USA/CA-LACPHL-MA00614/2023|EPI_ISL_18993204|2023-12-05,"[0.0, 0.0, 0.0, 0.0, 0.0, 0.0, 0.0, 0.0, 0.0, 0.0, 0.0, 0.0, 0.0, 0.0, 0.0, 0.0, 0.0, 0.0, 0.0, 0.0, 0.0, 0.0, 0.0, 0.0, 0.0, 0.0, 0.0, 0.0, 0.0, 1.0, 0.0]"
NODE_0000265,"[2.102656016036162e-08, 1.757218806667079e-09, 1.0318898146377645e-07, 1.668787194736205e-09, 2.8591118700114775e-09, 1.738421656406539e-09, 1.7416905558156442e-09, 1.7118703678010553e-09, 1.7253471189207578e-09, 1.6871281969188968e-09, 1.711885903275846e-09, 1.685851914119816e-09, 1.5880735710625861e-09, 1.7573822951293142e-09, 4.0451182911178765e-09, 2.9520385920573677e-08, 1.4581331823545822e-08, 1.685851914120059e-09, 1.6858519141199806e-09, 1.6272186120168031e-09, 1.900065675947716e-06, 1.6177608944124482e-09, 1.7970768535834152e-08, 1.6824867219351947e-09, 3.115560563896016e-09, 5.678676643836165e-09, 1.482973437269737e-09, 5.358083812925479e-09, 1.6011034499122242e-09, 0.9999978607251934, 1.7076469657029013e-09]"
hMpxV/USA/CA-CDPH-1M1000496/2024|EPI_ISL_19143455|2024-01-13,"[0.0, 0.0, 0.0, 0.0, 0.0, 0.0, 0.0, 0.0, 0.0, 0.0, 0.0, 0.0, 0.0, 0.0, 0.0, 0.0, 0.0, 0.0, 0.0, 0.0, 0.0, 0.0, 0.0, 0.0, 0.0, 0.0, 0.0, 0.0, 0.0, 1.0, 0.0]"
hMpxV/USA/WA-UW-251694/2024|EPI_ISL_19131279|2024-04-16,"[0.0, 0.0, 0.0, 0.0, 0.0, 0.0, 0.0, 0.0, 0.0, 0.0, 0.0, 0.0, 0.0, 0.0, 0.0, 0.0, 0.0, 0.0, 0.0, 0.0, 0.0, 0.0, 0.0, 0.0, 0.0, 0.0, 0.0, 0.0, 0.0, 1.0, 0.0]"
NODE_0000266,"[8.438494822430722e-10, 5.479643178601116e-11, 4.492572925143091e-09, 5.289460043291052e-11, 8.789203454412441e-11, 5.446282826796608e-11, 5.496310101220303e-11, 5.414776259786549e-11, 5.419815120355429e-11, 5.3500326948233736e-11, 5.464544949923367e-11, 5.374164095292361e-11, 4.963354492930221e-11, 5.416022443961109e-11, 1.4967160402313136e-10, 1.1853561904607947e-09, 5.947895166809501e-10, 5.374164095292945e-11, 5.374164095292628e-11, 5.0735916946501195e-11, 1.143881675760465e-07, 5.0370565596860513e-11, 7.920458172736951e-10, 5.343995030932958e-11, 1.0272854117363707e-10, 2.1203280819104363e-10, 4.49385575146497e-11, 1.9919832084883605e-10, 5.020765975606275e-11, 0.9999998759495559, 5.3819239703558303e-11]"
hMpxV/USA/CA-LACPHL-MA00647/2024|EPI_ISL_19273375|2024-06-26,"[0.0, 0.0, 0.0, 0.0, 0.0, 0.0, 0.0, 0.0, 0.0, 0.0, 0.0, 0.0, 0.0, 0.0, 0.0, 0.0, 0.0, 0.0, 0.0, 0.0, 0.0, 0.0, 0.0, 0.0, 0.0, 0.0, 0.0, 0.0, 0.0, 1.0, 0.0]"
hMpxV/USA/CA-CDPH-1M1000640/2024|EPI_ISL_19295783|2024-06-26,"[0.0, 0.0, 0.0, 0.0, 0.0, 0.0, 0.0, 0.0, 0.0, 0.0, 0.0, 0.0, 0.0, 0.0, 0.0, 0.0, 0.0, 0.0, 0.0, 0.0, 0.0, 0.0, 0.0, 0.0, 0.0, 0.0, 0.0, 0.0, 0.0, 1.0, 0.0]"
hMpxV/USA/WA-UW-190625/2024|EPI_ISL_19336732|2024-07-12,"[0.0, 0.0, 0.0, 0.0, 0.0, 0.0, 0.0, 0.0, 0.0, 0.0, 0.0, 0.0, 0.0, 0.0, 0.0, 0.0, 0.0, 0.0, 0.0, 0.0, 0.0, 0.0, 0.0, 0.0, 0.0, 0.0, 0.0, 0.0, 0.0, 1.0, 0.0]"
NODE_0000158,"[3.865910946374116e-07, 5.17035482327821e-08, 1.2875059089359183e-06, 5.056255492858444e-08, 7.251798428651183e-08, 5.154333312844017e-08, 5.152165983495374e-08, 5.1139713098307674e-08, 5.14561588346919e-08, 5.065871671443351e-08, 5.088658911033609e-08, 5.069532678213627e-08, 4.8590295749293854e-08, 5.149688109277659e-08, 1.0214482123781025e-07, 4.6822452504269215e-07, 2.9597615064916e-07, 5.0695326782139447e-08, 5.0695326782139844e-08, 4.889452408809717e-08, 1.0696448162906392e-05, 4.979667515097416e-08, 3.2545068128787196e-07, 5.071847951875165e-08, 8.297583870811006e-08, 1.3582609556531354e-07, 4.544727630569318e-08, 1.2940138089334118e-07, 4.863528393553933e-08, 0.9999850606608497, 5.113883610146212e-08]"
NODE_0000252,"[1.9762721789241045e-11, 9.418409908955212e-13, 1.1897843963692162e-10, 9.190511445624667e-13, 1.5227459748804373e-12, 9.379802176991376e-13, 9.545456807653973e-13, 9.4069814672638e-13, 9.352943796359098e-13, 9.311442582673235e-13, 9.5861716626445e-13, 9.400323259293539e-13, 8.493686736423925e-13, 9.202247923783046e-13, 3.1164110120515423e-12, 2.8307408971673685e-11, 1.4072950435483929e-11, 9.400323259294413e-13, 9.40032325929402e-13, 8.690168723877985e-13, 4.707053965446566e-09, 8.580268456994626e-13, 2.060474141650897e-11, 9.309488690004527e-13, 1.8894811547739465e-12, 4.483284451897483e-12, 7.46221829211043e-13, 4.18844121260901e-12, 8.629648256221381e-13, 0.9999999950587121, 9.312327803935474e-13]"
hMpxV/USA/CA-CDPH-1M1000424/2023|EPI_ISL_18781808|2023-10-09,"[0.0, 0.0, 0.0, 0.0, 0.0, 0.0, 0.0, 0.0, 0.0, 0.0, 0.0, 0.0, 0.0, 0.0, 0.0, 0.0, 0.0, 0.0, 0.0, 0.0, 0.0, 0.0, 0.0, 0.0, 0.0, 0.0, 0.0, 0.0, 0.0, 1.0, 0.0]"
hMpxV/USA/CA-CDPH-1M1000425/2023|EPI_ISL_18781809|2023-09-26,"[0.0, 0.0, 0.0, 0.0, 0.0, 0.0, 0.0, 0.0, 0.0, 0.0, 0.0, 0.0, 0.0, 0.0, 0.0, 0.0, 0.0, 0.0, 0.0, 0.0, 0.0, 0.0, 0.0, 0.0, 0.0, 0.0, 0.0, 0.0, 0.0, 0.9999999999999999, 0.0]"
hMpxV/USA/CA-CDPH-1M1000411/2023|EPI_ISL_18781840|2023-09-27,"[0.0, 0.0, 0.0, 0.0, 0.0, 0.0, 0.0, 0.0, 0.0, 0.0, 0.0, 0.0, 0.0, 0.0, 0.0, 0.0, 0.0, 0.0, 0.0, 0.0, 0.0, 0.0, 0.0, 0.0, 0.0, 0.0, 0.0, 0.0, 0.0, 1.0, 0.0]"
NODE_0000159,"[3.0574387318946103e-23, 7.07998492251843e-28, 1.3821394193422225e-21, 5.444831695895787e-28, 4.522846010914013e-27, 6.631775698424796e-28, 7.049028160381428e-28, 6.343678460341284e-28, 6.308714970291758e-28, 6.007345630942427e-28, 6.924549602938212e-28, 6.069592696802211e-28, 4.354063193978916e-28, 6.9399260974673e-28, 1.4821550166739938e-26, 1.1138773942409411e-23, 5.7204039691854e-25, 6.069592696806195e-28, 6.069592696804119e-28, 5.246625857075074e-28, 1.0842385825948097e-16, 4.142483103914062e-28, 2.9705980104743223e-24, 5.826230899578339e-28, 4.5312488416563486e-27, 2.764606381230934e-25, 3.4152961647801965e-28, 2.8468219496488403e-26, 4.784072999867603e-28, 0.9999999999999998, 6.085540394279912e-28]"
hMpxV/USA/CA-LACPHL-MA00582/2024|EPI_ISL_18952716|2024-01-22,"[0.0, 0.0, 0.0, 0.0, 0.0, 0.0, 0.0, 0.0, 0.0, 0.0, 0.0, 0.0, 0.0, 0.0, 0.0, 0.0, 0.0, 0.0, 0.0, 0.0, 0.0, 0.0, 0.0, 0.0, 0.0, 0.0, 0.0, 0.0, 0.0, 0.9999999999999999, 0.0]"
hMpxV/USA/CA-CDPH-1M1000491/2023|EPI_ISL_19143453|2023-12-12,"[0.0, 0.0, 0.0, 0.0, 0.0, 0.0, 0.0, 0.0, 0.0, 0.0, 0.0, 0.0, 0.0, 0.0, 0.0, 0.0, 0.0, 0.0, 0.0, 0.0, 0.0, 0.0, 0.0, 0.0, 0.0, 0.0, 0.0, 0.0, 0.0, 1.0, 0.0]"
hMpxV/USA/CA-CDPH-1M1000489/2023|EPI_ISL_19143451|2023-12-06,"[0.0, 0.0, 0.0, 0.0, 0.0, 0.0, 0.0, 0.0, 0.0, 0.0, 0.0, 0.0, 0.0, 0.0, 0.0, 0.0, 0.0, 0.0, 0.0, 0.0, 0.0, 0.0, 0.0, 0.0, 0.0, 0.0, 0.0, 0.0, 0.0, 1.0, 0.0]"
hMpxV/USA/CA-CDPH-1M1000376/2023|EPI_ISL_18781787|2023-09-08,"[0.0, 0.0, 0.0, 0.0, 0.0, 0.0, 0.0, 0.0, 0.0, 0.0, 0.0, 0.0, 0.0, 0.0, 0.0, 0.0, 0.0, 0.0, 0.0, 0.0, 0.0, 0.0, 0.0, 0.0, 0.0, 0.0, 0.0, 0.0, 0.0, 1.0, 0.0]"
hMpxV/USA/CA-CDPH-1M1000462/2023|EPI_ISL_18959319|2023-12-27,"[0.0, 0.0, 0.0, 0.0, 0.0, 0.0, 0.0, 0.0, 0.0, 0.0, 0.0, 0.0, 0.0, 0.0, 0.0, 0.0, 0.0, 0.0, 0.0, 0.0, 0.0, 0.0, 0.0, 0.0, 0.0, 0.0, 0.0, 0.0, 0.0, 1.0, 0.0]"
hMpxV/USA/CA-LACPHL-MA00605/2023|EPI_ISL_18993201|2023-10-19,"[0.0, 0.0, 0.0, 0.0, 0.0, 0.0, 0.0, 0.0, 0.0, 0.0, 0.0, 0.0, 0.0, 0.0, 0.0, 0.0, 0.0, 0.0, 0.0, 0.0, 0.0, 0.0, 0.0, 0.0, 0.0, 0.0, 0.0, 0.0, 0.0, 1.0, 0.0]"
hMpxV/USA/IL-RIPHL-004-0161/2024|EPI_ISL_19158950|2024-03-04,"[0.0, 0.0, 0.0, 0.0, 0.0, 0.0, 0.0, 0.0, 0.0, 0.0, 0.0, 0.0, 0.0, 0.0, 0.0, 0.0, 0.0, 0.0, 0.0, 0.0, 0.0, 0.0, 0.0, 0.0, 0.0, 0.0, 0.0, 0.0, 0.0, 1.0, 0.0]"
hMpxV/USA/CA-LACPHL-MA00610/2023|EPI_ISL_18993198|2023-11-29,"[0.0, 0.0, 0.0, 0.0, 0.0, 0.0, 0.0, 0.0, 0.0, 0.0, 0.0, 0.0, 0.0, 0.0, 0.0, 0.0, 0.0, 0.0, 0.0, 0.0, 0.0, 0.0, 0.0, 0.0, 0.0, 0.0, 0.0, 0.0, 0.0, 0.9999999999999999, 0.0]"
hMpxV/USA/CA-LACPHL-MA00601/2023|EPI_ISL_18993188|2023-10-23,"[0.0, 0.0, 0.0, 0.0, 0.0, 0.0, 0.0, 0.0, 0.0, 0.0, 0.0, 0.0, 0.0, 0.0, 0.0, 0.0, 0.0, 0.0, 0.0, 0.0, 0.0, 0.0, 0.0, 0.0, 0.0, 0.0, 0.0, 0.0, 0.0, 0.9999999999999999, 0.0]"
hMpxV/USA/CA-CDPH-1M1000550/2023|EPI_ISL_19170479|2023-10-27,"[0.0, 0.0, 0.0, 0.0, 0.0, 0.0, 0.0, 0.0, 0.0, 0.0, 0.0, 0.0, 0.0, 0.0, 0.0, 0.0, 0.0, 0.0, 0.0, 0.0, 0.0, 0.0, 0.0, 0.0, 0.0, 0.0, 0.0, 0.0, 0.0, 1.0, 0.0]"
NODE_0000244,"[2.830655869608461e-12, 1.3228909516785165e-13, 1.7077404267193233e-11, 1.2940929778876048e-13, 2.1290670339175927e-13, 1.3186320460195548e-13, 1.342742755725212e-13, 1.3239975857346381e-13, 1.315408131440891e-13, 1.3110022712107145e-13, 1.3504216882597497e-13, 1.3242812333113923e-13, 1.194377614608697e-13, 1.291001694472244e-13, 4.4459916307248205e-13, 4.043247106593856e-12, 2.021166550266858e-12, 1.3242812333122524e-13, 1.3242812333118427e-13, 1.2211450153887128e-13, 6.846119311140754e-10, 1.2061882649889524e-13, 2.9765501134351527e-12, 1.3110527938486348e-13, 2.6663022835008716e-13, 6.397942212239003e-13, 1.0458739684394227e-13, 5.975351440027315e-13, 1.2137823322670297e-13, 0.9999999992818431, 1.310240660181355e-13]"
hMpxV/USA/CA-CDPH-1M1000374/2023|EPI_ISL_18781786|2023-09-19,"[0.0, 0.0, 0.0, 0.0, 0.0, 0.0, 0.0, 0.0, 0.0, 0.0, 0.0, 0.0, 0.0, 0.0, 0.0, 0.0, 0.0, 0.0, 0.0, 0.0, 0.0, 0.0, 0.0, 0.0, 0.0, 0.0, 0.0, 0.0, 0.0, 1.0, 0.0]"
hMpxV/USA/CA-CDPH-1M1000379/2023|EPI_ISL_18781791|2023-10-04,"[0.0, 0.0, 0.0, 0.0, 0.0, 0.0, 0.0, 0.0, 0.0, 0.0, 0.0, 0.0, 0.0, 0.0, 0.0, 0.0, 0.0, 0.0, 0.0, 0.0, 0.0, 0.0, 0.0, 0.0, 0.0, 0.0, 0.0, 0.0, 0.0, 1.0, 0.0]"
hMpxV/USA/CA-CDPH-1M1000623/2023|EPI_ISL_19295768|2023-09-22,"[0.0, 0.0, 0.0, 0.0, 0.0, 0.0, 0.0, 0.0, 0.0, 0.0, 0.0, 0.0, 0.0, 0.0, 0.0, 0.0, 0.0, 0.0, 0.0, 0.0, 0.0, 0.0, 0.0, 0.0, 0.0, 0.0, 0.0, 0.0, 0.0, 1.0, 0.0]"
NODE_0000245,"[1.0447523305988934e-09, 8.241889948232174e-11, 5.050480233162445e-09, 7.946196964388875e-11, 1.2946236560346708e-10, 8.195092420799974e-11, 8.234455063756392e-11, 8.121301362875742e-11, 8.152210563003743e-11, 8.02241202643789e-11, 8.155032540024984e-11, 8.041808991784194e-11, 7.51642701012353e-11, 8.185497803272991e-11, 2.0256425456819562e-10, 1.428892002604066e-09, 7.391486259139957e-10, 8.041808991789032e-11, 8.041808991786994e-11, 7.662661304349109e-11, 9.543269366295907e-08, 7.649527234031684e-11, 9.296309645846282e-10, 8.014289677027441e-11, 1.480616029850926e-10, 2.8312078342157125e-10, 6.89836700374059e-11, 2.6696651017247225e-10, 7.581338452273208e-11, 0.9999998928363103, 8.089516116284191e-11]"
hMpxV/USA/CA-CDPH-1M1000601/2024|EPI_ISL_19295750|2024-05-19,"[0.0, 0.0, 0.0, 0.0, 0.0, 0.0, 0.0, 0.0, 0.0, 0.0, 0.0, 0.0, 0.0, 0.0, 0.0, 0.0, 0.0, 0.0, 0.0, 0.0, 0.0, 0.0, 0.0, 0.0, 0.0, 0.0, 0.0, 0.0, 0.0, 0.9999999999999999, 0.0]"
hMpxV/USA/CA-CDPH-1M1000605/2024|EPI_ISL_19295754|2024-05-28,"[0.0, 0.0, 0.0, 0.0, 0.0, 0.0, 0.0, 0.0, 0.0, 0.0, 0.0, 0.0, 0.0, 0.0, 0.0, 0.0, 0.0, 0.0, 0.0, 0.0, 0.0, 0.0, 0.0, 0.0, 0.0, 0.0, 0.0, 0.0, 0.0, 1.0, 0.0]"
NODE_0000246,"[1.5542882280525701e-09, 9.118295474299073e-11, 8.771768558807567e-09, 8.754294680291837e-11, 1.5033272649596723e-10, 9.035062740589685e-11, 9.139191646314786e-11, 8.983134803624102e-11, 8.987538973681293e-11, 8.869644178378922e-11, 9.081527260780391e-11, 8.911506133246932e-11, 8.189757044214244e-11, 9.005825897428643e-11, 2.609113345110461e-10, 2.2334197907997604e-09, 1.0905914909207158e-09, 8.911506133247369e-11, 8.911506133246951e-11, 8.405684080172448e-11, 2.6505078433018646e-07, 8.298923679421099e-11, 1.498346860264311e-09, 8.852511511323164e-11, 1.747839174296078e-10, 3.730604026480008e-10, 7.400559955320839e-11, 3.4973322317072997e-10, 8.299351776321024e-11, 0.9999997168312197, 8.920130128840573e-11]"
hMpxV/USA/CA-LACPHL-MA00659/2024|EPI_ISL_19347730|2024-07-05,"[0.0, 0.0, 0.0, 0.0, 0.0, 0.0, 0.0, 0.0, 0.0, 0.0, 0.0, 0.0, 0.0, 0.0, 0.0, 0.0, 0.0, 0.0, 0.0, 0.0, 0.0, 0.0, 0.0, 0.0, 0.0, 0.0, 0.0, 0.0, 0.0, 1.0, 0.0]"
hMpxV/USA/WA-UW-902910/2024|EPI_ISL_19370101|2024-08-10,"[0.0, 0.0, 0.0, 0.0, 0.0, 0.0, 0.0, 0.0, 0.0, 0.0, 0.0, 0.0, 0.0, 0.0, 0.0, 0.0, 0.0, 0.0, 0.0, 0.0, 0.0, 0.0, 0.0, 0.0, 0.0, 0.0, 0.0, 0.0, 0.0, 1.0, 0.0]"
hMpxV/USA/WA-UW-500470/2024|EPI_ISL_19370102|2024-08-10,"[0.0, 0.0, 0.0, 0.0, 0.0, 0.0, 0.0, 0.0, 0.0, 0.0, 0.0, 0.0, 0.0, 0.0, 0.0, 0.0, 0.0, 0.0, 0.0, 0.0, 0.0, 0.0, 0.0, 0.0, 0.0, 0.0, 0.0, 0.0, 0.0, 1.0, 0.0]"
NODE_0000247,"[2.442598902000525e-05, 2.4748559456028742e-05, 2.497647154005808e-05, 2.5178853834533216e-05, 2.405907516079236e-05, 2.500143985433466e-05, 2.4477905389072972e-05, 2.4774935055394736e-05, 2.5207274566946877e-05, 2.4568643975284525e-05, 2.383814873117617e-05, 2.453831376873106e-05, 2.4266700952885976e-05, 2.461511674930479e-05, 1.77508615881518e-05, 2.6148519145390174e-05, 3.201231264164681e-05, 2.4538313768730136e-05, 2.4538313768731752e-05, 2.3334271155854152e-05, 2.0420551390633023e-05, 2.5913030292148317e-05, 1.8097140142924256e-05, 2.487130500393331e-05, 2.3612904413933163e-05, 0.99905533031985, 2.1974328579948908e-05, 2.66567695542471e-05, 2.3650398202897995e-05, 0.0002413952043931993, 2.5078028052941507e-05]"
NODE_0000248,"[2.0287102676807016e-07, 2.7259656453772777e-07, 1.8096270001952927e-07, 2.805195445036583e-07, 2.4822306121222376e-07, 2.762853645027219e-07, 2.7071285536437743e-07, 2.748496586044149e-07, 2.793064570228994e-07, 2.7245349794987954e-07, 2.639134169242745e-07, 2.730302409847968e-07, 2.653565824476277e-07, 2.6851650199303494e-07, 1.6798616382541462e-07, 2.2984119995187843e-07, 3.175561181970973e-07, 2.7303024098476816e-07, 2.73030240984806e-07, 2.529628793403564e-07, 1.4418347811077187e-07, 2.859890020976554e-07, 1.5964642359551705e-07, 2.767353151511049e-07, 2.3599849161187357e-07, 0.9999911770721801, 2.2975267208793494e-07, 2.7978750890575626e-07, 2.576723921535173e-07, 1.5310276468141225e-06, 2.781305730090878e-07]"
hMpxV/South_Africa/NICD-SVPL_360/2024|EPI_ISL_19542508|2024-06-28,"[0.0, 0.0, 0.0, 0.0, 0.0, 0.0, 0.0, 0.0, 0.0, 0.0, 0.0, 0.0, 0.0, 0.0, 0.0, 0.0, 0.0, 0.0, 0.0, 0.0, 0.0, 0.0, 0.0, 0.0, 0.0, 1.0, 0.0, 0.0, 0.0, 0.0, 0.0]"
NODE_0000249,"[1.977242261956255e-09, 3.485390854034627e-09, 1.4037755364507722e-09, 3.6398422609288397e-09, 2.9386969826955913e-09, 3.5447301067011833e-09, 3.474530522537189e-09, 3.5443786008690125e-09, 3.5983520442229552e-09, 3.5187190683064844e-09, 3.3975806569387078e-09, 3.5327701482532957e-09, 3.42647701055719e-09, 3.414113341259904e-09, 1.933513729809579e-09, 2.1502866057244685e-09, 3.4748424595613488e-09, 3.5327701482516897e-09, 3.53277014825536e-09, 3.237525430335365e-09, 7.914174380231666e-10, 3.7145779397104497e-09, 1.5954028551168538e-09, 3.5835996318472293e-09, 2.8162212878198635e-09, 0.999999907301293, 2.9221570176646765e-09, 3.3119857076013573e-09, 3.319698173611574e-09, 4.296097649224129e-09, 3.5892414204413828e-09]"
hMpxV/South_Africa/NICD-SVPL_231/2024|EPI_ISL_19542510|2024-06-10,"[0.0, 0.0, 0.0, 0.0, 0.0, 0.0, 0.0, 0.0, 0.0, 0.0, 0.0, 0.0, 0.0, 0.0, 0.0, 0.0, 0.0, 0.0, 0.0, 0.0, 0.0, 0.0, 0.0, 0.0, 0.0, 0.9999999999999999, 0.0, 0.0, 0.0, 0.0, 0.0]"
hMpxV/South_Africa/NICD-SVPL_164/2024|EPI_ISL_19542512|2024-05-10,"[0.0, 0.0, 0.0, 0.0, 0.0, 0.0, 0.0, 0.0, 0.0, 0.0, 0.0, 0.0, 0.0, 0.0, 0.0, 0.0, 0.0, 0.0, 0.0, 0.0, 0.0, 0.0, 0.0, 0.0, 0.0, 0.9999999999999999, 0.0, 0.0, 0.0, 0.0, 0.0]"
NODE_0000250,"[1.1755069260164012e-07, 1.8105098017682507e-07, 9.395766705131874e-08, 1.8785850238279018e-07, 1.5810448235507417e-07, 1.8384905074232532e-07, 1.8014973238912126e-07, 1.8339643429591935e-07, 1.862700095590597e-07, 1.8199280893285287e-07, 1.7592813099768938e-07, 1.8252853898482578e-07, 1.7758165096123653e-07, 1.7791034929934425e-07, 1.0614100671778547e-07, 1.293790204292391e-07, 1.9308481605485362e-07, 1.8252853898481506e-07, 1.8252853898483335e-07, 1.6845927729438872e-07, 6.343183558628036e-08, 1.9189510045575752e-07, 9.31646101627993e-08, 1.8510152127776883e-07, 1.5161655062690977e-07, 0.9999947638914091, 1.5301724068301415e-07, 1.7762048893107944e-07, 1.7220637385469945e-07, 5.321277758620796e-07, 1.856768643649076e-07]"
hMpxV/South_Africa/NICD-SVPL_193/2024|EPI_ISL_19542511|2024-06-06,"[0.0, 0.0, 0.0, 0.0, 0.0, 0.0, 0.0, 0.0, 0.0, 0.0, 0.0, 0.0, 0.0, 0.0, 0.0, 0.0, 0.0, 0.0, 0.0, 0.0, 0.0, 0.0, 0.0, 0.0, 0.0, 1.0, 0.0, 0.0, 0.0, 0.0, 0.0]"
NODE_0000251,"[5.002756744135798e-10, 9.071519381038817e-10, 3.443137150344718e-10, 9.488586981989308e-10, 7.58750276950575e-10, 9.230189266802493e-10, 9.046860680817238e-10, 9.235002050433939e-10, 9.37683615583168e-10, 9.168909706282324e-10, 8.851634339649032e-10, 9.206131725382413e-10, 8.92959426699119e-10, 8.883778551237814e-10, 4.971157853035938e-10, 5.385110176464543e-10, 8.874369968625589e-10, 9.206131725377797e-10, 9.206131725385518e-10, 8.4302724600277e-10, 1.7845424899857824e-10, 9.687829963252803e-10, 4.0275636729346625e-10, 9.340664487437542e-10, 7.281875604622768e-10, 0.9999999763979965, 7.615066850582943e-10, 8.539534963053136e-10, 8.653732183234293e-10, 7.139724889204341e-10, 9.35388414684017e-10]"
hMpxV/South_Africa/NICD-SVPL_189/2024|EPI_ISL_19542513|2024-06-01,"[0.0, 0.0, 0.0, 0.0, 0.0, 0.0, 0.0, 0.0, 0.0, 0.0, 0.0, 0.0, 0.0, 0.0, 0.0, 0.0, 0.0, 0.0, 0.0, 0.0, 0.0, 0.0, 0.0, 0.0, 0.0, 1.0, 0.0, 0.0, 0.0, 0.0, 0.0]"
hMpxV/South_Africa/NICD-SVPL_180/2024|EPI_ISL_19542514|2024-05-31,"[0.0, 0.0, 0.0, 0.0, 0.0, 0.0, 0.0, 0.0, 0.0, 0.0, 0.0, 0.0, 0.0, 0.0, 0.0, 0.0, 0.0, 0.0, 0.0, 0.0, 0.0, 0.0, 0.0, 0.0, 0.0, 1.0, 0.0, 0.0, 0.0, 0.0, 0.0]"
NODE_0000160,"[0.27149039817681536, 2.2986202877948466e-05, 0.03837798916664768, 2.247110521409669e-05, 5.241527792217313e-05, 2.2915423671966423e-05, 2.4377640603647223e-05, 2.283736294101267e-05, 2.301999377398725e-05, 2.252345072350828e-05, 2.264037317414428e-05, 2.2549339701063744e-05, 2.111096659808239e-05, 2.281830721550146e-05, 4.0080210142442126e-05, 0.0001114383369675408, 6.37222040929149e-05, 2.254933970106452e-05, 2.254933970106511e-05, 2.1242294597983816e-05, 0.0022660478197483237, 2.1708515553912166e-05, 0.00015887285941969728, 2.2547237588842574e-05, 4.209936182614185e-05, 4.0128258936902525e-05, 1.887983366808856e-05, 3.930235858089143e-05, 2.1117030735583496e-05, 0.6868938470121931, 2.2815198665263515e-05]"
hMpxV/Australia/VIC-VIDRL-7136/2024|EPI_ISL_19459786|2024-01-24,"[1.0, 0.0, 0.0, 0.0, 0.0, 0.0, 0.0, 0.0, 0.0, 0.0, 0.0, 0.0, 0.0, 0.0, 0.0, 0.0, 0.0, 0.0, 0.0, 0.0, 0.0, 0.0, 0.0, 0.0, 0.0, 0.0, 0.0, 0.0, 0.0, 0.0, 0.0]"
hMpxV/USA/CA-LACPHL-MA00616/2024|EPI_ISL_18993192|2024-02-12,"[0.0, 0.0, 0.0, 0.0, 0.0, 0.0, 0.0, 0.0, 0.0, 0.0, 0.0, 0.0, 0.0, 0.0, 0.0, 0.0, 0.0, 0.0, 0.0, 0.0, 0.0, 0.0, 0.0, 0.0, 0.0, 0.0, 0.0, 0.0, 0.0, 1.0, 0.0]"
NODE_0000161,"[0.00019024734812583677, 1.678438213462336e-08, 0.9997721118967893, 1.659477464439797e-08, 1.0386931345097551e-07, 1.6756986143872117e-08, 2.0082147031400383e-08, 1.6952027055498764e-08, 1.7111441750311048e-08, 1.6662576461872172e-08, 1.6773439042551135e-08, 1.668645357005402e-08, 1.526140894997867e-08, 1.6594994542797935e-08, 1.9612674199602745e-08, 6.246613010857023e-08, 2.4099330817508025e-08, 1.6686453570052426e-08, 1.6686453570054103e-08, 1.5349949276608335e-08, 2.158760495055347e-06, 1.5708002057867023e-08, 3.800346202372281e-07, 1.6677601836693746e-08, 2.5688288036482815e-08, 2.0152077676618043e-08, 1.3235129575001372e-08, 2.025124288364735e-08, 1.532137586852716e-08, 3.4512972102060995e-05, 1.6923213294856898e-08]"
NODE_0000242,"[1.467215812645856e-07, 1.6177508184141935e-08, 0.9999982977826383, 1.6338497790309245e-08, 1.0870335737338646e-07, 1.625695495464198e-08, 1.9732003422319115e-08, 1.6359211660552628e-08, 1.6490869776971533e-08, 1.6212380428778062e-08, 1.606047573953729e-08, 1.6223044978439604e-08, 1.5579567025903656e-08, 1.6054315650785737e-08, 1.1370554965192869e-08, 3.862235068354069e-08, 1.595828247949103e-08, 1.622304497843862e-08, 1.622304497843955e-08, 1.5363572877589853e-08, 3.6264069896554176e-07, 1.609480104208575e-08, 3.150932019990887e-07, 1.6278277528019555e-08, 1.4613568569707191e-08, 1.569783025682412e-08, 1.4017364569860124e-08, 1.5835455199696268e-08, 1.5427969928170783e-08, 3.4944814004775283e-07, 1.639943454858e-08]"
hMpxV/Brazil/SC-FIOCRUZ-10557/2024|EPI_ISL_19416193|2024-04-17,"[0.0, 0.0, 1.0, 0.0, 0.0, 0.0, 0.0, 0.0, 0.0, 0.0, 0.0, 0.0, 0.0, 0.0, 0.0, 0.0, 0.0, 0.0, 0.0, 0.0, 0.0, 0.0, 0.0, 0.0, 0.0, 0.0, 0.0, 0.0, 0.0, 0.0, 0.0]"
NODE_0000243,"[5.48576716444896e-14, 3.571169649976345e-15, 0.9999999999969644, 3.553499707976606e-15, 9.624454417896879e-14, 3.575478346284513e-15, 5.0560163913452046e-15, 3.621974470542287e-15, 3.627741702412016e-15, 3.568803879457857e-15, 3.613920804023842e-15, 3.591388874006402e-15, 3.2340174758718444e-15, 3.4961596532072545e-15, 2.154883456934535e-15, 1.8159549351150445e-14, 3.375536293647171e-15, 3.5913888740039664e-15, 3.591388874004988e-15, 3.2523170714753534e-15, 1.5080413082897723e-12, 3.298136433576423e-15, 7.239360302784358e-13, 3.572952389111991e-15, 2.8334299487277145e-15, 3.5106363515045834e-15, 2.6993057369569088e-15, 3.587769779533724e-15, 3.244493614296006e-15, 5.517284355877913e-13, 3.59895734195467e-15]"
hMpxV/Brazil/SC-FIOCRUZ-10556/2024|EPI_ISL_19416192|2024-04-15,"[0.0, 0.0, 1.0, 0.0, 0.0, 0.0, 0.0, 0.0, 0.0, 0.0, 0.0, 0.0, 0.0, 0.0, 0.0, 0.0, 0.0, 0.0, 0.0, 0.0, 0.0, 0.0, 0.0, 0.0, 0.0, 0.0, 0.0, 0.0, 0.0, 0.0, 0.0]"
hMpxV/Brazil/SC-FIOCRUZ-10558/2024|EPI_ISL_19416194|2024-04-22,"[0.0, 0.0, 1.0, 0.0, 0.0, 0.0, 0.0, 0.0, 0.0, 0.0, 0.0, 0.0, 0.0, 0.0, 0.0, 0.0, 0.0, 0.0, 0.0, 0.0, 0.0, 0.0, 0.0, 0.0, 0.0, 0.0, 0.0, 0.0, 0.0, 0.0, 0.0]"
hMpxV/Brazil/SC-FIOCRUZ-10559/2024|EPI_ISL_19416195|2024-05-16,"[0.0, 0.0, 1.0, 0.0, 0.0, 0.0, 0.0, 0.0, 0.0, 0.0, 0.0, 0.0, 0.0, 0.0, 0.0, 0.0, 0.0, 0.0, 0.0, 0.0, 0.0, 0.0, 0.0, 0.0, 0.0, 0.0, 0.0, 0.0, 0.0, 0.0, 0.0]"
hMpxV/Brazil/SC-FIOCRUZ-10560/2024|EPI_ISL_19416196|2024-05-17,"[0.0, 0.0, 1.0, 0.0, 0.0, 0.0, 0.0, 0.0, 0.0, 0.0, 0.0, 0.0, 0.0, 0.0, 0.0, 0.0, 0.0, 0.0, 0.0, 0.0, 0.0, 0.0, 0.0, 0.0, 0.0, 0.0, 0.0, 0.0, 0.0, 0.0, 0.0]"
NODE_0000206,"[6.398478423889201e-07, 1.3364639644798025e-07, 0.9999891208258063, 1.3437340952478067e-07, 7.424294566159275e-07, 1.340689937241664e-07, 1.582920059330733e-07, 1.35424028322538e-07, 1.3729787598346387e-07, 1.3373040794623264e-07, 1.3173539198693634e-07, 1.3304364469610792e-07, 1.291258688174537e-07, 1.3436068714363714e-07, 9.645718310105679e-08, 2.923318997499674e-07, 1.350957085961433e-07, 1.3304364469609826e-07, 1.3304364469610583e-07, 1.2778537436986242e-07, 1.9919259155347226e-06, 1.3368921140512598e-07, 1.8144970917451271e-06, 1.3368927553593717e-07, 1.298438083456888e-07, 1.2908590846515246e-07, 1.1760052909528957e-07, 1.2986293887761604e-07, 1.2752219990065355e-07, 2.240368314422304e-06, 1.359555355829535e-07]"
hMpxV/Brazil/RJ-FIOCRUZ-10510/2024|EPI_ISL_19416160|2024-06-11,"[0.0, 0.0, 1.0, 0.0, 0.0, 0.0, 0.0, 0.0, 0.0, 0.0, 0.0, 0.0, 0.0, 0.0, 0.0, 0.0, 0.0, 0.0, 0.0, 0.0, 0.0, 0.0, 0.0, 0.0, 0.0, 0.0, 0.0, 0.0, 0.0, 0.0, 0.0]"
NODE_0000207,"[4.513427361755254e-13, 2.876715207261449e-14, 0.9999993659622345, 1.4612408839184105e-14, 3.1570742724136316e-12, 1.9470550314797658e-14, 3.2834628805266716e-14, 1.5279797465967405e-14, 1.534741150952729e-14, 1.4905478187563645e-14, 1.5257192786369093e-14, 1.4935529675422727e-14, 1.2970090478822187e-14, 2.1927479035378068e-14, 1.2741340779036903e-14, 6.917652003401638e-13, 1.5055750241340725e-14, 1.4935529675422118e-14, 1.4935529675425904e-14, 1.9713018530598802e-14, 6.339829362994159e-07, 1.3095432040115233e-14, 1.027523953256495e-11, 1.4775987052065556e-14, 1.2215714191281967e-14, 1.4829151278718035e-14, 1.053290465836858e-14, 1.5253473324363938e-14, 1.3114648462558795e-14, 3.9860842194189386e-11, 1.50964917754631e-14]"
hMpxV/Peru/LIM-INS-549/2024|EPI_ISL_19449525|2024-07-31,"[0.0, 0.0, 0.0, 0.0, 0.0, 0.0, 0.0, 0.0, 0.0, 0.0, 0.0, 0.0, 0.0, 0.0, 0.0, 0.0, 0.0, 0.0, 0.0, 0.0, 1.0, 0.0, 0.0, 0.0, 0.0, 0.0, 0.0, 0.0, 0.0, 0.0, 0.0]"
hMpxV/Brazil/RJ-UG_UFRJ_0567/2024|EPI_ISL_19434508|2024-09-02,"[0.0, 0.0, 1.0, 0.0, 0.0, 0.0, 0.0, 0.0, 0.0, 0.0, 0.0, 0.0, 0.0, 0.0, 0.0, 0.0, 0.0, 0.0, 0.0, 0.0, 0.0, 0.0, 0.0, 0.0, 0.0, 0.0, 0.0, 0.0, 0.0, 0.0, 0.0]"
hMpxV/Brazil/RJ-FIOCRUZ-10535/2024|EPI_ISL_19416177|2024-08-20,"[0.0, 0.0, 0.9999999999999999, 0.0, 0.0, 0.0, 0.0, 0.0, 0.0, 0.0, 0.0, 0.0, 0.0, 0.0, 0.0, 0.0, 0.0, 0.0, 0.0, 0.0, 0.0, 0.0, 0.0, 0.0, 0.0, 0.0, 0.0, 0.0, 0.0, 0.0, 0.0]"
hMpxV/Brazil/RJ-FIOCRUZ-10537/2024|EPI_ISL_19416179|2024-08-26,"[0.0, 0.0, 1.0, 0.0, 0.0, 0.0, 0.0, 0.0, 0.0, 0.0, 0.0, 0.0, 0.0, 0.0, 0.0, 0.0, 0.0, 0.0, 0.0, 0.0, 0.0, 0.0, 0.0, 0.0, 0.0, 0.0, 0.0, 0.0, 0.0, 0.0, 0.0]"
hMpxV/Brazil/RJ-FIOCRUZ-10544/2024|EPI_ISL_19416183|2024-08-31,"[0.0, 0.0, 1.0, 0.0, 0.0, 0.0, 0.0, 0.0, 0.0, 0.0, 0.0, 0.0, 0.0, 0.0, 0.0, 0.0, 0.0, 0.0, 0.0, 0.0, 0.0, 0.0, 0.0, 0.0, 0.0, 0.0, 0.0, 0.0, 0.0, 0.0, 0.0]"
hMpxV/Brazil/RJ-FIOCRUZ-10566/2024|EPI_ISL_19416202|2024-09-04,"[0.0, 0.0, 1.0, 0.0, 0.0, 0.0, 0.0, 0.0, 0.0, 0.0, 0.0, 0.0, 0.0, 0.0, 0.0, 0.0, 0.0, 0.0, 0.0, 0.0, 0.0, 0.0, 0.0, 0.0, 0.0, 0.0, 0.0, 0.0, 0.0, 0.0, 0.0]"
NODE_0000208,"[9.370627149679687e-11, 8.861139169832785e-15, 0.9999999997584413, 8.487261493679275e-15, 3.0895872599121355e-13, 8.763497124647088e-15, 1.2254625656755593e-14, 9.086423237669204e-15, 9.293615099063511e-15, 8.748220795150824e-15, 8.830605281184409e-15, 8.619867331676895e-15, 7.612744424577126e-15, 9.074060932512382e-15, 6.597785069510465e-15, 6.342823315750489e-14, 9.872557345164068e-15, 8.619867331675473e-15, 8.619867331676786e-15, 7.941348966027878e-15, 2.6710752226151146e-11, 7.756665046815554e-15, 2.7451047153322502e-12, 8.564822727480367e-15, 1.1074551827202489e-14, 9.050454838127318e-15, 6.2241639215179394e-15, 9.23467859135698e-15, 7.647188542399266e-15, 1.178143166495695e-10, 9.014262488875121e-15]"
hMpxV/Brazil/RJ-UG_UFRJ_0564/2024|EPI_ISL_19434506|2024-06-26,"[0.0, 0.0, 1.0, 0.0, 0.0, 0.0, 0.0, 0.0, 0.0, 0.0, 0.0, 0.0, 0.0, 0.0, 0.0, 0.0, 0.0, 0.0, 0.0, 0.0, 0.0, 0.0, 0.0, 0.0, 0.0, 0.0, 0.0, 0.0, 0.0, 0.0, 0.0]"
hMpxV/Brazil/RJ-UG_UFRJ_0571/2024|EPI_ISL_19434509|2024-08-16,"[0.0, 0.0, 0.9999999999999999, 0.0, 0.0, 0.0, 0.0, 0.0, 0.0, 0.0, 0.0, 0.0, 0.0, 0.0, 0.0, 0.0, 0.0, 0.0, 0.0, 0.0, 0.0, 0.0, 0.0, 0.0, 0.0, 0.0, 0.0, 0.0, 0.0, 0.0, 0.0]"
hMpxV/Brazil/RJ-FIOCRUZ-10511/2024|EPI_ISL_19416161|2024-06-14,"[0.0, 0.0, 1.0, 0.0, 0.0, 0.0, 0.0, 0.0, 0.0, 0.0, 0.0, 0.0, 0.0, 0.0, 0.0, 0.0, 0.0, 0.0, 0.0, 0.0, 0.0, 0.0, 0.0, 0.0, 0.0, 0.0, 0.0, 0.0, 0.0, 0.0, 0.0]"
NODE_0000239,"[1.4163663858529132e-09, 2.0088695486416213e-10, 0.9999999644670643, 2.000611715544477e-10, 2.053910710681027e-09, 2.00975137356803e-10, 2.530076194223298e-10, 2.0406017272179813e-10, 2.067542228002363e-10, 2.0059001126564664e-10, 1.992888315499241e-10, 1.9959836755315331e-10, 1.8842656179974217e-10, 2.017830982600175e-10, 1.363161151480806e-10, 6.170372705520384e-10, 2.0106886290232898e-10, 1.9959836755302849e-10, 1.9959836755307605e-10, 1.886331274253597e-10, 1.0858510376566935e-08, 1.9401928260490307e-10, 7.502990373253015e-09, 1.9982757403453668e-10, 1.8979889153825226e-10, 1.949325517242372e-10, 1.6611701244659815e-10, 1.971502139823729e-10, 1.8708013376323516e-10, 8.370468028931347e-09, 2.0407968229405683e-10]"
hMpxV/Brazil/RJ-FIOCRUZ-10513/2024|EPI_ISL_19416163|2024-06-20,"[0.0, 0.0, 0.9999999999999999, 0.0, 0.0, 0.0, 0.0, 0.0, 0.0, 0.0, 0.0, 0.0, 0.0, 0.0, 0.0, 0.0, 0.0, 0.0, 0.0, 0.0, 0.0, 0.0, 0.0, 0.0, 0.0, 0.0, 0.0, 0.0, 0.0, 0.0, 0.0]"
hMpxV/Brazil/RJ-FIOCRUZ-10523/2024|EPI_ISL_19416168|2024-08-08,"[0.0, 0.0, 0.9999999999999999, 0.0, 0.0, 0.0, 0.0, 0.0, 0.0, 0.0, 0.0, 0.0, 0.0, 0.0, 0.0, 0.0, 0.0, 0.0, 0.0, 0.0, 0.0, 0.0, 0.0, 0.0, 0.0, 0.0, 0.0, 0.0, 0.0, 0.0, 0.0]"
NODE_0000240,"[2.1191795687046278e-07, 4.370096935073483e-08, 0.9999958768206598, 4.404459581946235e-08, 2.795204651712157e-07, 4.387790766573365e-08, 5.283310987347682e-08, 4.423499033043166e-08, 4.4690540210147854e-08, 4.376828561164338e-08, 4.327365499743888e-08, 4.3695461190536686e-08, 4.2099967322827615e-08, 4.359662886337331e-08, 3.0857826820129555e-08, 1.0211358842480742e-07, 4.3476818392025285e-08, 4.369546119053416e-08, 4.369546119053668e-08, 4.159287754709843e-08, 8.771452198720626e-07, 4.3520424943859174e-08, 7.729915818260017e-07, 4.386041877240419e-08, 4.0481551910241064e-08, 4.2313591811328275e-08, 3.8012868929003775e-08, 4.264706770933247e-08, 4.165191545329127e-08, 8.495072842961567e-07, 4.4360847822501255e-08]"
hMpxV/Brazil/SP-IAL-357942002/2024|EPI_ISL_19446307|2024-09-12,"[0.0, 0.0, 1.0, 0.0, 0.0, 0.0, 0.0, 0.0, 0.0, 0.0, 0.0, 0.0, 0.0, 0.0, 0.0, 0.0, 0.0, 0.0, 0.0, 0.0, 0.0, 0.0, 0.0, 0.0, 0.0, 0.0, 0.0, 0.0, 0.0, 0.0, 0.0]"
NODE_0000241,"[8.672958240152792e-09, 1.5229578006671875e-09, 0.9999998113226686, 1.5393313905104452e-09, 1.198422842487262e-08, 1.5311581996334103e-09, 1.892385689395916e-09, 1.5391423021735623e-09, 1.5479694332245578e-09, 1.5268075382894323e-09, 1.5170934632679035e-09, 1.5313044054768863e-09, 1.4607462189717393e-09, 1.5035463937535238e-09, 1.0457054039223642e-09, 3.9259087562470315e-09, 1.4848695580911976e-09, 1.531304405476778e-09, 1.5313044054768667e-09, 1.4400971399587585e-09, 4.9555548075518624e-08, 1.5068512407484018e-09, 3.983206217283461e-08, 1.5351711522285608e-09, 1.3221016800625548e-09, 1.4804231357376773e-09, 1.3042553402960477e-09, 1.4958205531376442e-09, 1.4487774354998852e-09, 3.892597927928383e-08, 1.541521951364458e-09]"
hMpxV/Brazil/RJ-UG_UFRJ_0563/2024|EPI_ISL_19434510|2024-08-21,"[0.0, 0.0, 1.0, 0.0, 0.0, 0.0, 0.0, 0.0, 0.0, 0.0, 0.0, 0.0, 0.0, 0.0, 0.0, 0.0, 0.0, 0.0, 0.0, 0.0, 0.0, 0.0, 0.0, 0.0, 0.0, 0.0, 0.0, 0.0, 0.0, 0.0, 0.0]"
hMpxV/Brazil/BA-LACEN-293858477/2024|EPI_ISL_19361754|2024-08-12,"[0.0, 0.0, 1.0, 0.0, 0.0, 0.0, 0.0, 0.0, 0.0, 0.0, 0.0, 0.0, 0.0, 0.0, 0.0, 0.0, 0.0, 0.0, 0.0, 0.0, 0.0, 0.0, 0.0, 0.0, 0.0, 0.0, 0.0, 0.0, 0.0, 0.0, 0.0]"
NODE_0000209,"[6.561257572835132e-46, 1.5050689938978026e-50, 1.0, 1.2950991880744215e-50, 9.435430308047987e-45, 1.446659621560666e-50, 5.966099237922283e-50, 1.5816071085240084e-50, 1.5532514991709536e-50, 1.4574571209736057e-50, 1.7077807298706532e-50, 1.4859079300383048e-50, 8.435986538850356e-51, 1.420795122778137e-50, 3.2890752427359486e-51, 2.0035592728613002e-47, 1.168346379242836e-50, 1.4859079300370339e-50, 1.4859079300377774e-50, 1.0141375896604714e-50, 1.1014041431179929e-38, 7.853912922118722e-51, 5.77966643867951e-41, 1.3901619054349023e-50, 6.868735326609822e-51, 1.6075575222279291e-50, 4.1036623893948946e-51, 1.796631292939439e-50, 9.261304282525385e-51, 7.651485998663913e-42, 1.4748246955086757e-50]"
hMpxV/Brazil/RJ-UG_UFRJ_0555/2024|EPI_ISL_19434499|2024-08-26,"[0.0, 0.0, 1.0, 0.0, 0.0, 0.0, 0.0, 0.0, 0.0, 0.0, 0.0, 0.0, 0.0, 0.0, 0.0, 0.0, 0.0, 0.0, 0.0, 0.0, 0.0, 0.0, 0.0, 0.0, 0.0, 0.0, 0.0, 0.0, 0.0, 0.0, 0.0]"
hMpxV/Brazil/RJ-UG_UFRJ_0557/2024|EPI_ISL_19434501|2024-08-22,"[0.0, 0.0, 1.0, 0.0, 0.0, 0.0, 0.0, 0.0, 0.0, 0.0, 0.0, 0.0, 0.0, 0.0, 0.0, 0.0, 0.0, 0.0, 0.0, 0.0, 0.0, 0.0, 0.0, 0.0, 0.0, 0.0, 0.0, 0.0, 0.0, 0.0, 0.0]"
hMpxV/Brazil/RJ-UG_UFRJ_0561/2024|EPI_ISL_19434511|2024-07-30,"[0.0, 0.0, 0.9999999999999999, 0.0, 0.0, 0.0, 0.0, 0.0, 0.0, 0.0, 0.0, 0.0, 0.0, 0.0, 0.0, 0.0, 0.0, 0.0, 0.0, 0.0, 0.0, 0.0, 0.0, 0.0, 0.0, 0.0, 0.0, 0.0, 0.0, 0.0, 0.0]"
hMpxV/Brazil/RJ-UG_UFRJ_0556/2024|EPI_ISL_19434505|2024-08-29,"[0.0, 0.0, 1.0, 0.0, 0.0, 0.0, 0.0, 0.0, 0.0, 0.0, 0.0, 0.0, 0.0, 0.0, 0.0, 0.0, 0.0, 0.0, 0.0, 0.0, 0.0, 0.0, 0.0, 0.0, 0.0, 0.0, 0.0, 0.0, 0.0, 0.0, 0.0]"
hMpxV/Brazil/RJ-UG_UFRJ_0566/2024|EPI_ISL_19434507|2024-08-27,"[0.0, 0.0, 1.0, 0.0, 0.0, 0.0, 0.0, 0.0, 0.0, 0.0, 0.0, 0.0, 0.0, 0.0, 0.0, 0.0, 0.0, 0.0, 0.0, 0.0, 0.0, 0.0, 0.0, 0.0, 0.0, 0.0, 0.0, 0.0, 0.0, 0.0, 0.0]"
hMpxV/Brazil/RJ-UG_UFRJ_0570/2024|EPI_ISL_19434514|2024-09-02,"[0.0, 0.0, 1.0, 0.0, 0.0, 0.0, 0.0, 0.0, 0.0, 0.0, 0.0, 0.0, 0.0, 0.0, 0.0, 0.0, 0.0, 0.0, 0.0, 0.0, 0.0, 0.0, 0.0, 0.0, 0.0, 0.0, 0.0, 0.0, 0.0, 0.0, 0.0]"
hMpxV/Brazil/RJ-FIOCRUZ-10517/2024|EPI_ISL_19416164|2024-07-23,"[0.0, 0.0, 1.0, 0.0, 0.0, 0.0, 0.0, 0.0, 0.0, 0.0, 0.0, 0.0, 0.0, 0.0, 0.0, 0.0, 0.0, 0.0, 0.0, 0.0, 0.0, 0.0, 0.0, 0.0, 0.0, 0.0, 0.0, 0.0, 0.0, 0.0, 0.0]"
hMpxV/Brazil/RJ-FIOCRUZ-10522/2024|EPI_ISL_19416167|2024-08-08,"[0.0, 0.0, 1.0, 0.0, 0.0, 0.0, 0.0, 0.0, 0.0, 0.0, 0.0, 0.0, 0.0, 0.0, 0.0, 0.0, 0.0, 0.0, 0.0, 0.0, 0.0, 0.0, 0.0, 0.0, 0.0, 0.0, 0.0, 0.0, 0.0, 0.0, 0.0]"
hMpxV/Brazil/RJ-FIOCRUZ-10524/2024|EPI_ISL_19416169|2024-08-10,"[0.0, 0.0, 1.0, 0.0, 0.0, 0.0, 0.0, 0.0, 0.0, 0.0, 0.0, 0.0, 0.0, 0.0, 0.0, 0.0, 0.0, 0.0, 0.0, 0.0, 0.0, 0.0, 0.0, 0.0, 0.0, 0.0, 0.0, 0.0, 0.0, 0.0, 0.0]"
hMpxV/Brazil/RJ-FIOCRUZ-10526/2024|EPI_ISL_19416171|2024-08-15,"[0.0, 0.0, 1.0, 0.0, 0.0, 0.0, 0.0, 0.0, 0.0, 0.0, 0.0, 0.0, 0.0, 0.0, 0.0, 0.0, 0.0, 0.0, 0.0, 0.0, 0.0, 0.0, 0.0, 0.0, 0.0, 0.0, 0.0, 0.0, 0.0, 0.0, 0.0]"
hMpxV/Brazil/RJ-FIOCRUZ-10528/2024|EPI_ISL_19416173|2024-08-19,"[0.0, 0.0, 1.0, 0.0, 0.0, 0.0, 0.0, 0.0, 0.0, 0.0, 0.0, 0.0, 0.0, 0.0, 0.0, 0.0, 0.0, 0.0, 0.0, 0.0, 0.0, 0.0, 0.0, 0.0, 0.0, 0.0, 0.0, 0.0, 0.0, 0.0, 0.0]"
hMpxV/Brazil/RJ-FIOCRUZ-10529/2024|EPI_ISL_19416174|2024-08-19,"[0.0, 0.0, 1.0, 0.0, 0.0, 0.0, 0.0, 0.0, 0.0, 0.0, 0.0, 0.0, 0.0, 0.0, 0.0, 0.0, 0.0, 0.0, 0.0, 0.0, 0.0, 0.0, 0.0, 0.0, 0.0, 0.0, 0.0, 0.0, 0.0, 0.0, 0.0]"
hMpxV/Brazil/RJ-FIOCRUZ-10536/2024|EPI_ISL_19416178|2024-08-23,"[0.0, 0.0, 1.0, 0.0, 0.0, 0.0, 0.0, 0.0, 0.0, 0.0, 0.0, 0.0, 0.0, 0.0, 0.0, 0.0, 0.0, 0.0, 0.0, 0.0, 0.0, 0.0, 0.0, 0.0, 0.0, 0.0, 0.0, 0.0, 0.0, 0.0, 0.0]"
hMpxV/Brazil/RJ-FIOCRUZ-10534/2024|EPI_ISL_19416176|2024-08-20,"[0.0, 0.0, 1.0, 0.0, 0.0, 0.0, 0.0, 0.0, 0.0, 0.0, 0.0, 0.0, 0.0, 0.0, 0.0, 0.0, 0.0, 0.0, 0.0, 0.0, 0.0, 0.0, 0.0, 0.0, 0.0, 0.0, 0.0, 0.0, 0.0, 0.0, 0.0]"
hMpxV/Brazil/RJ-FIOCRUZ-10541/2024|EPI_ISL_19416181|2024-08-29,"[0.0, 0.0, 1.0, 0.0, 0.0, 0.0, 0.0, 0.0, 0.0, 0.0, 0.0, 0.0, 0.0, 0.0, 0.0, 0.0, 0.0, 0.0, 0.0, 0.0, 0.0, 0.0, 0.0, 0.0, 0.0, 0.0, 0.0, 0.0, 0.0, 0.0, 0.0]"
hMpxV/Brazil/RJ-FIOCRUZ-10542/2024|EPI_ISL_19416182|2024-08-31,"[0.0, 0.0, 0.9999999999999999, 0.0, 0.0, 0.0, 0.0, 0.0, 0.0, 0.0, 0.0, 0.0, 0.0, 0.0, 0.0, 0.0, 0.0, 0.0, 0.0, 0.0, 0.0, 0.0, 0.0, 0.0, 0.0, 0.0, 0.0, 0.0, 0.0, 0.0, 0.0]"
NODE_0000211,"[2.1814086044955883e-09, 4.1528708630552873e-10, 0.9999999560103582, 4.2007299522189893e-10, 2.9387572060557593e-09, 4.1761065368779174e-10, 5.108470663927199e-10, 4.19682474983569e-10, 4.223403241778091e-10, 4.1640617549789256e-10, 4.131226372573366e-10, 4.173983634715304e-10, 3.998433601299965e-10, 4.105388207043294e-10, 2.879817191644907e-10, 1.0146914062110887e-09, 4.063178572512084e-10, 4.173983634712537e-10, 4.1739836347136675e-10, 3.9378354419335444e-10, 1.0258866959151644e-08, 4.1281025397581686e-10, 8.8907512501449e-09, 4.1868441436571984e-10, 3.6429908665917586e-10, 4.033170800918449e-10, 3.5872544554225834e-10, 4.071502440468436e-10, 3.9621778432336374e-10, 8.93735907878823e-09, 4.2057365644832353e-10]"
hMpxV/Brazil/RJ-UG_UFRJ_0562/2024|EPI_ISL_19434502|2024-08-26,"[0.0, 0.0, 1.0, 0.0, 0.0, 0.0, 0.0, 0.0, 0.0, 0.0, 0.0, 0.0, 0.0, 0.0, 0.0, 0.0, 0.0, 0.0, 0.0, 0.0, 0.0, 0.0, 0.0, 0.0, 0.0, 0.0, 0.0, 0.0, 0.0, 0.0, 0.0]"
hMpxV/Brazil/SC-FIOCRUZ-10562/2024|EPI_ISL_19416198|2024-08-20,"[0.0, 0.0, 1.0, 0.0, 0.0, 0.0, 0.0, 0.0, 0.0, 0.0, 0.0, 0.0, 0.0, 0.0, 0.0, 0.0, 0.0, 0.0, 0.0, 0.0, 0.0, 0.0, 0.0, 0.0, 0.0, 0.0, 0.0, 0.0, 0.0, 0.0, 0.0]"
NODE_0000212,"[2.4718101500451784e-08, 5.098935957982801e-09, 0.9999995202048777, 5.140382779971658e-09, 3.2587423459926044e-08, 5.120189650999925e-09, 6.166686174438155e-09, 5.160696564578867e-09, 5.212832630204354e-09, 5.107174274809779e-09, 5.049996282246871e-09, 5.099728104982946e-09, 4.9131898145301645e-09, 5.084364465363581e-09, 3.5988129818297636e-09, 1.1906597103287321e-08, 5.069002803697466e-09, 5.0997281049797476e-09, 5.0997281049809544e-09, 4.8527392549177675e-09, 1.0171603929183107e-07, 5.078850068517133e-09, 8.997256397317951e-08, 5.119006002757532e-09, 4.7100468757814434e-09, 4.937776270121157e-09, 4.4360197587974534e-09, 4.976878010602914e-09, 4.861082860274303e-09, 9.872515573892278e-08, 5.175393388373278e-09]"
hMpxV/Brazil/RJ-UG_UFRJ_0559/2024|EPI_ISL_19434503|2024-08-26,"[0.0, 0.0, 1.0, 0.0, 0.0, 0.0, 0.0, 0.0, 0.0, 0.0, 0.0, 0.0, 0.0, 0.0, 0.0, 0.0, 0.0, 0.0, 0.0, 0.0, 0.0, 0.0, 0.0, 0.0, 0.0, 0.0, 0.0, 0.0, 0.0, 0.0, 0.0]"
hMpxV/Brazil/SP-IAL-357991445/2024|EPI_ISL_19524879|2024-10-15,"[0.0, 0.0, 0.9999999999999999, 0.0, 0.0, 0.0, 0.0, 0.0, 0.0, 0.0, 0.0, 0.0, 0.0, 0.0, 0.0, 0.0, 0.0, 0.0, 0.0, 0.0, 0.0, 0.0, 0.0, 0.0, 0.0, 0.0, 0.0, 0.0, 0.0, 0.0, 0.0]"
NODE_0000213,"[8.247350841093633e-09, 1.5529333024291432e-09, 0.999999832724125, 1.5715393406250786e-09, 1.1143756325858173e-08, 1.5619175363328876e-09, 1.9147017612306466e-09, 1.569051246770515e-09, 1.5781898069079131e-09, 1.5573440401023706e-09, 1.5457661783997352e-09, 1.5618650598285807e-09, 1.495008186564689e-09, 1.53338921502203e-09, 1.0742999707440001e-09, 3.818040871342665e-09, 1.5161143622507343e-09, 1.561865059828455e-09, 1.5618650598286229e-09, 1.4717821334807008e-09, 3.950277660642366e-08, 1.5432285652489784e-09, 3.413885727954971e-08, 1.5665259026958682e-09, 1.3528397041904405e-09, 1.5087552012033162e-09, 1.340099345661301e-09, 1.5234209616057954e-09, 1.4817659912453869e-09, 3.390859959009672e-08, 1.572225864898196e-09]"
hMpxV/Brazil/RJ-UG_UFRJ_0565/2024|EPI_ISL_19434512|2024-08-15,"[0.0, 0.0, 1.0, 0.0, 0.0, 0.0, 0.0, 0.0, 0.0, 0.0, 0.0, 0.0, 0.0, 0.0, 0.0, 0.0, 0.0, 0.0, 0.0, 0.0, 0.0, 0.0, 0.0, 0.0, 0.0, 0.0, 0.0, 0.0, 0.0, 0.0, 0.0]"
hMpxV/Brazil/RJ-FIOCRUZ-10532/2024|EPI_ISL_19416175|2024-08-17,"[0.0, 0.0, 1.0, 0.0, 0.0, 0.0, 0.0, 0.0, 0.0, 0.0, 0.0, 0.0, 0.0, 0.0, 0.0, 0.0, 0.0, 0.0, 0.0, 0.0, 0.0, 0.0, 0.0, 0.0, 0.0, 0.0, 0.0, 0.0, 0.0, 0.0, 0.0]"
NODE_0000210,"[1.3584533006650299e-15, 8.592310392593768e-17, 0.99999999999992, 8.570717911500765e-17, 2.445823475489303e-15, 8.61162080694322e-17, 1.2289700943089798e-16, 8.705329498642166e-17, 8.697408816791108e-17, 8.593242473054431e-17, 8.720080587057692e-17, 8.66994533672401e-17, 7.781409384862987e-17, 8.363188179110851e-17, 5.1292730657810795e-17, 4.473148710275898e-16, 8.036781288192685e-17, 8.669945336714933e-17, 8.669945336718103e-17, 7.80850866746672e-17, 4.0314288091661376e-14, 7.92975537840302e-17, 1.930216694487359e-14, 8.622091072358824e-17, 6.58560884312686e-17, 8.462659130451271e-17, 6.471305839332346e-17, 8.656844256504451e-17, 7.814001319541218e-17, 1.391494779261411e-14, 8.646502655355376e-17]"
hMpxV/Brazil/RJ-UG_UFRJ_0550/2024|EPI_ISL_19434494|2024-07-22,"[0.0, 0.0, 1.0, 0.0, 0.0, 0.0, 0.0, 0.0, 0.0, 0.0, 0.0, 0.0, 0.0, 0.0, 0.0, 0.0, 0.0, 0.0, 0.0, 0.0, 0.0, 0.0, 0.0, 0.0, 0.0, 0.0, 0.0, 0.0, 0.0, 0.0, 0.0]"
hMpxV/Brazil/RJ-FIOCRUZ-10521/2024|EPI_ISL_19416166|2024-08-07,"[0.0, 0.0, 1.0, 0.0, 0.0, 0.0, 0.0, 0.0, 0.0, 0.0, 0.0, 0.0, 0.0, 0.0, 0.0, 0.0, 0.0, 0.0, 0.0, 0.0, 0.0, 0.0, 0.0, 0.0, 0.0, 0.0, 0.0, 0.0, 0.0, 0.0, 0.0]"
hMpxV/Brazil/RJ-FIOCRUZ-10520/2024|EPI_ISL_19416165|2024-08-05,"[0.0, 0.0, 1.0, 0.0, 0.0, 0.0, 0.0, 0.0, 0.0, 0.0, 0.0, 0.0, 0.0, 0.0, 0.0, 0.0, 0.0, 0.0, 0.0, 0.0, 0.0, 0.0, 0.0, 0.0, 0.0, 0.0, 0.0, 0.0, 0.0, 0.0, 0.0]"
hMpxV/Brazil/PR-FIOCRUZ-10551/2024|EPI_ISL_19416188|2024-08-05,"[0.0, 0.0, 1.0, 0.0, 0.0, 0.0, 0.0, 0.0, 0.0, 0.0, 0.0, 0.0, 0.0, 0.0, 0.0, 0.0, 0.0, 0.0, 0.0, 0.0, 0.0, 0.0, 0.0, 0.0, 0.0, 0.0, 0.0, 0.0, 0.0, 0.0, 0.0]"
NODE_0000214,"[7.689214147248818e-11, 1.0753580441550557e-11, 0.9999999980510786, 1.073576090191705e-11, 1.1167573220759745e-10, 1.07710165604273e-11, 1.3609045299486075e-11, 1.0911479975093602e-11, 1.1033884676385263e-11, 1.074489543835703e-11, 1.0688518431027157e-11, 1.0714358933937523e-11, 1.0103152157538497e-11, 1.0749493056568665e-11, 7.256914493121255e-12, 3.314450818375052e-11, 1.0681897422971021e-11, 1.0714358933929852e-11, 1.0714358933932833e-11, 1.0089271923036527e-11, 6.050373140196335e-10, 1.0399722767909301e-11, 4.1615061451902565e-10, 1.0726933469904139e-11, 9.871697402393256e-12, 1.045193222052858e-11, 8.899299035412247e-12, 1.0575904761523193e-11, 1.0035706264924212e-11, 4.5387539083962485e-10, 1.0912416818934082e-11]"
hMpxV/Brazil/SP-IAL-357711946/2024|EPI_ISL_19359688|2024-04-29,"[0.0, 0.0, 1.0, 0.0, 0.0, 0.0, 0.0, 0.0, 0.0, 0.0, 0.0, 0.0, 0.0, 0.0, 0.0, 0.0, 0.0, 0.0, 0.0, 0.0, 0.0, 0.0, 0.0, 0.0, 0.0, 0.0, 0.0, 0.0, 0.0, 0.0, 0.0]"
NODE_0000229,"[1.065761058086644e-06, 2.4784004121752607e-07, 0.9999803204184686, 2.495228581591948e-07, 1.3554945908651269e-06, 2.4878855340618156e-07, 2.934812101099029e-07, 2.5100074009813374e-07, 2.5428400465738184e-07, 2.480817291116387e-07, 2.444238729963688e-07, 2.4701529835152533e-07, 2.398891627927341e-07, 2.486880920663193e-07, 1.786307799979905e-07, 5.366194891008142e-07, 2.4984557609169907e-07, 2.470152983515177e-07, 2.4701529835152533e-07, 2.370554268984008e-07, 3.5655299567038063e-06, 2.4837975106479707e-07, 3.2789604833287523e-06, 2.4826188917468276e-07, 2.3783693344268055e-07, 2.3950390808080957e-07, 2.1867937017658913e-07, 2.4094461816035997e-07, 2.3690205947649911e-07, 4.022100013139987e-06, 2.5202946795378407e-07]"
hMpxV/Brazil/SP-IAL-357897281/2024|EPI_ISL_19359695|2024-08-14,"[0.0, 0.0, 1.0, 0.0, 0.0, 0.0, 0.0, 0.0, 0.0, 0.0, 0.0, 0.0, 0.0, 0.0, 0.0, 0.0, 0.0, 0.0, 0.0, 0.0, 0.0, 0.0, 0.0, 0.0, 0.0, 0.0, 0.0, 0.0, 0.0, 0.0, 0.0]"
NODE_0000230,"[2.925932708038811e-08, 5.364261862723994e-09, 0.9999993887982056, 5.4176617802078136e-09, 3.987107773820346e-08, 5.391234881845888e-09, 6.619073548714142e-09, 5.42321989244426e-09, 5.460680008059379e-09, 5.37621361868519e-09, 5.335323155140835e-09, 5.385732208149297e-09, 5.150406841167939e-09, 5.30987484979195e-09, 3.7090767072411577e-09, 1.3479058646653162e-08, 5.257421051015578e-09, 5.385732208148896e-09, 5.385732208149291e-09, 5.080531230778232e-09, 1.5051388515877188e-07, 5.315740461021036e-09, 1.2498155464963917e-07, 5.401119634922285e-09, 4.733684436965907e-09, 5.209400747141773e-09, 4.6115971056964306e-09, 5.2602775380999154e-09, 5.105078188550973e-09, 1.269743632209395e-07, 5.4334537451455215e-09]"
hMpxV/Brazil/SP-IAL-357913268/2024|EPI_ISL_19372777|2024-08-25,"[0.0, 0.0, 1.0, 0.0, 0.0, 0.0, 0.0, 0.0, 0.0, 0.0, 0.0, 0.0, 0.0, 0.0, 0.0, 0.0, 0.0, 0.0, 0.0, 0.0, 0.0, 0.0, 0.0, 0.0, 0.0, 0.0, 0.0, 0.0, 0.0, 0.0, 0.0]"
NODE_0000231,"[9.44451196091856e-09, 1.7629874136278566e-09, 0.9999998065272251, 1.784049852843937e-09, 1.2799902753152058e-08, 1.7731678464200966e-09, 2.176094000456312e-09, 1.7812456631081946e-09, 1.7914443988994063e-09, 1.7679786624743292e-09, 1.7551462933335793e-09, 1.77328241478685e-09, 1.6966292752377563e-09, 1.7404069630085654e-09, 1.2182881132037776e-09, 4.358550057612139e-09, 1.7202994982883755e-09, 1.7732824147867024e-09, 1.773282414786832e-09, 1.670371812893539e-09, 4.646154113500912e-08, 1.751196906323784e-09, 3.9715819122286016e-08, 1.7784718048693293e-09, 1.5334519667196852e-09, 1.7130141155889291e-09, 1.520075980723243e-09, 1.7298363868729894e-09, 1.6817655968802456e-09, 3.924193672476423e-08, 1.7847432215059421e-09]"
NODE_0000238,"[6.050913354972546e-08, 1.1599184267234469e-08, 0.9999987835180112, 1.1726664918880047e-08, 8.13866841439942e-08, 1.166119835060281e-08, 1.4243802675999675e-08, 1.172471817876974e-08, 1.1804767931159114e-08, 1.162863292053252e-08, 1.1532604836564637e-08, 1.1650342362775332e-08, 1.1166127807866398e-08, 1.1480123074673561e-08, 8.05851900719732e-09, 2.824442102647598e-08, 1.1371385811845147e-08, 1.1650342362774828e-08, 1.1650342362775226e-08, 1.10024049272675e-08, 2.8153893089515776e-07, 1.1529653812689978e-08, 2.4430335468538166e-07, 1.1686689840404141e-08, 1.0249344654123669e-08, 1.12603213120164e-08, 1.0023024628819377e-08, 1.1365487033386855e-08, 1.10630935533504e-08, 2.4762053953171925e-07, 1.1750148147203002e-08]"
hMpxV/Brazil/SP-IAL-357929242/2024|EPI_ISL_19446298|2024-09-05,"[0.0, 0.0, 1.0, 0.0, 0.0, 0.0, 0.0, 0.0, 0.0, 0.0, 0.0, 0.0, 0.0, 0.0, 0.0, 0.0, 0.0, 0.0, 0.0, 0.0, 0.0, 0.0, 0.0, 0.0, 0.0, 0.0, 0.0, 0.0, 0.0, 0.0, 0.0]"
hMpxV/Brazil/SP-IAL-357939968/2024|EPI_ISL_19446306|2024-09-11,"[0.0, 0.0, 1.0, 0.0, 0.0, 0.0, 0.0, 0.0, 0.0, 0.0, 0.0, 0.0, 0.0, 0.0, 0.0, 0.0, 0.0, 0.0, 0.0, 0.0, 0.0, 0.0, 0.0, 0.0, 0.0, 0.0, 0.0, 0.0, 0.0, 0.0, 0.0]"
NODE_0000232,"[1.0920944787033088e-10, 1.279629570559075e-11, 0.9999999967598276, 1.2815951124675235e-11, 1.6716143228936315e-10, 1.2830667464356724e-11, 1.6732943667963207e-11, 1.2965056379464195e-11, 1.3041944211936058e-11, 1.2802178380581993e-11, 1.2809033020605717e-11, 1.2832126010131042e-11, 1.1955361176661521e-11, 1.2645484672635189e-11, 8.356262756522809e-12, 4.398975089676445e-11, 1.2409721218153519e-11, 1.2832126010129182e-11, 1.2832126010130938e-11, 1.1915203783970574e-11, 1.165396551575514e-09, 1.2275800761328416e-11, 7.593947861134148e-10, 1.2823889824613527e-11, 1.0966173471395886e-11, 1.2484522087505067e-11, 1.0381859317775978e-11, 1.2670015132776252e-11, 1.1910300399596358e-11, 6.959926185514714e-10, 1.2942751451246149e-11]"
hMpxV/Brazil/SP-IAL-357977766/2024|EPI_ISL_19524881|2024-10-03,"[0.0, 0.0, 1.0, 0.0, 0.0, 0.0, 0.0, 0.0, 0.0, 0.0, 0.0, 0.0, 0.0, 0.0, 0.0, 0.0, 0.0, 0.0, 0.0, 0.0, 0.0, 0.0, 0.0, 0.0, 0.0, 0.0, 0.0, 0.0, 0.0, 0.0, 0.0]"
hMpxV/Brazil/SP-IAL-357934958/2024|EPI_ISL_19446302|2024-09-09,"[0.0, 0.0, 1.0, 0.0, 0.0, 0.0, 0.0, 0.0, 0.0, 0.0, 0.0, 0.0, 0.0, 0.0, 0.0, 0.0, 0.0, 0.0, 0.0, 0.0, 0.0, 0.0, 0.0, 0.0, 0.0, 0.0, 0.0, 0.0, 0.0, 0.0, 0.0]"
NODE_0000233,"[6.720079225459958e-10, 1.2327045088435104e-10, 0.9999999861568561, 1.2489610304829355e-10, 9.144242272799701e-10, 1.2404870702713347e-10, 1.5283103324684137e-10, 1.2448252030094426e-10, 1.2504775942883651e-10, 1.2366656411568998e-10, 1.2288362026652482e-10, 1.2418924918664104e-10, 1.1865608753168518e-10, 1.2135607029570066e-10, 8.478353477788936e-11, 3.074938180356951e-10, 1.197010755547358e-10, 1.241892491866076e-10, 1.2418924918663752e-10, 1.16689573844797e-10, 3.3734762987796616e-09, 1.2243364831833366e-10, 2.8893352979927164e-09, 1.2453437870712599e-10, 1.0546618609667289e-10, 1.198846563121205e-10, 1.061500798871631e-10, 1.211123391822374e-10, 1.1766493721969727e-10, 2.789571799194561e-09, 1.247074002649444e-10]"
hMpxV/Brazil/SP-IAL-357912456/2024|EPI_ISL_19372779|2024-08-26,"[0.0, 0.0, 1.0, 0.0, 0.0, 0.0, 0.0, 0.0, 0.0, 0.0, 0.0, 0.0, 0.0, 0.0, 0.0, 0.0, 0.0, 0.0, 0.0, 0.0, 0.0, 0.0, 0.0, 0.0, 0.0, 0.0, 0.0, 0.0, 0.0, 0.0, 0.0]"
NODE_0000234,"[3.121458498267398e-10, 5.6517758344675253e-11, 0.9999999934959264, 5.728081279581456e-11, 4.2643123355937166e-10, 5.68828947399976e-11, 7.022748531567434e-11, 5.7064397068842526e-11, 5.729983435019109e-11, 5.67050656150033e-11, 5.636964362961088e-11, 5.696887911450633e-11, 5.438806027182186e-11, 5.558633682648774e-11, 3.8783385770423935e-11, 1.4206241066498748e-10, 5.478270884906507e-11, 5.696887911449316e-11, 5.696887911450956e-11, 5.347305558695994e-11, 1.6162597861782283e-09, 5.6110134370078506e-11, 1.3709087824233225e-09, 5.712200340795604e-11, 4.806558775150271e-11, 5.4985035290981614e-11, 4.861405875928863e-11, 5.555945459220425e-11, 5.394460311701036e-11, 1.3084346003878133e-09, 5.71620028082178e-11]"
NODE_0000235,"[1.771095867137511e-09, 3.265236112544955e-10, 0.9999999636582395, 3.3076644531673234e-10, 2.4065042155283035e-09, 3.285563664430638e-10, 4.044291123025456e-10, 3.297637901570185e-10, 3.3133208226502674e-10, 3.2755326347852264e-10, 3.254166537306479e-10, 3.2886495275058493e-10, 3.143154994018135e-10, 3.216145085601939e-10, 2.2480688115117488e-10, 8.122013833685448e-10, 3.173567224220624e-10, 3.288649527505185e-10, 3.288649527505582e-10, 3.091583094909397e-10, 8.792729327201384e-09, 3.243454984905906e-10, 7.554291002399422e-09, 3.297906834213579e-10, 2.802253847447311e-10, 3.174992337542068e-10, 2.8128681735267123e-10, 3.2072155959801227e-10, 3.1166214672342277e-10, 7.33084721012406e-09, 3.3037210900885664e-10]"
hMpxV/Brazil/SP-IAL-357905818/2024|EPI_ISL_19372772|2024-08-20,"[0.0, 0.0, 1.0, 0.0, 0.0, 0.0, 0.0, 0.0, 0.0, 0.0, 0.0, 0.0, 0.0, 0.0, 0.0, 0.0, 0.0, 0.0, 0.0, 0.0, 0.0, 0.0, 0.0, 0.0, 0.0, 0.0, 0.0, 0.0, 0.0, 0.0, 0.0]"
hMpxV/Brazil/SP-IAL-357920310/2024|EPI_ISL_19446291|2024-08-29,"[0.0, 0.0, 0.9999999999999999, 0.0, 0.0, 0.0, 0.0, 0.0, 0.0, 0.0, 0.0, 0.0, 0.0, 0.0, 0.0, 0.0, 0.0, 0.0, 0.0, 0.0, 0.0, 0.0, 0.0, 0.0, 0.0, 0.0, 0.0, 0.0, 0.0, 0.0, 0.0]"
NODE_0000236,"[1.0252216389428887e-08, 1.9136782025170554e-09, 0.999999790860861, 1.9370837409011204e-09, 1.388752641168652e-08, 1.9249468602519453e-09, 2.363386140487563e-09, 1.9332984723306293e-09, 1.9439392090256795e-09, 1.91926357303935e-09, 1.905592117481217e-09, 1.9254627987035083e-09, 1.8419768840580489e-09, 1.8882048478468762e-09, 1.3216062882211964e-09, 4.729261808419104e-09, 1.865704254035564e-09, 1.9254627987033615e-09, 1.925462798703489e-09, 1.8129944519886544e-09, 4.9943750110843936e-08, 1.9011524794061882e-09, 4.298845083092135e-08, 1.93106927831781e-09, 1.6597186615006807e-09, 1.8597026584670777e-09, 1.6500483458473647e-09, 1.87806594843689e-09, 1.8259370269122407e-09, 4.2347110255175105e-08, 1.937065322645695e-09]"
hMpxV/Brazil/SP-IAL-357914012/2024|EPI_ISL_19372780|2024-08-26,"[0.0, 0.0, 0.9999999999999999, 0.0, 0.0, 0.0, 0.0, 0.0, 0.0, 0.0, 0.0, 0.0, 0.0, 0.0, 0.0, 0.0, 0.0, 0.0, 0.0, 0.0, 0.0, 0.0, 0.0, 0.0, 0.0, 0.0, 0.0, 0.0, 0.0, 0.0, 0.0]"
NODE_0000237,"[8.871895289935947e-08, 1.7639476810648296e-08, 0.9999982483981018, 1.7808318214675496e-08, 1.1814557142519326e-07, 1.7723515685875904e-08, 2.149737528187078e-08, 1.7841627603836833e-08, 1.799242527489889e-08, 1.7676172217573963e-08, 1.7504364791736978e-08, 1.7679984007918377e-08, 1.6989018110765946e-08, 1.7523095157932587e-08, 1.2351582061211957e-08, 4.206512221786719e-08, 1.7413272553737545e-08, 1.7679984007917318e-08, 1.767998400791834e-08, 1.6759710245240307e-08, 3.8839257247392426e-07, 1.7551935187440983e-08, 3.4020649895554904e-07, 1.774098863106505e-08, 1.5933440613972254e-08, 1.7103226671044297e-08, 1.5294273445913833e-08, 1.725086693006923e-08, 1.682059902828163e-08, 3.5873156049812666e-07, 1.7886383344137888e-08]"
hMpxV/Brazil/SP-IAL-357999368/2024|EPI_ISL_19524887|2024-10-21,"[0.0, 0.0, 0.9999999999999999, 0.0, 0.0, 0.0, 0.0, 0.0, 0.0, 0.0, 0.0, 0.0, 0.0, 0.0, 0.0, 0.0, 0.0, 0.0, 0.0, 0.0, 0.0, 0.0, 0.0, 0.0, 0.0, 0.0, 0.0, 0.0, 0.0, 0.0, 0.0]"
hMpxV/Brazil/SP-IAL-357937870/2024|EPI_ISL_19446304|2024-09-10,"[0.0, 0.0, 1.0, 0.0, 0.0, 0.0, 0.0, 0.0, 0.0, 0.0, 0.0, 0.0, 0.0, 0.0, 0.0, 0.0, 0.0, 0.0, 0.0, 0.0, 0.0, 0.0, 0.0, 0.0, 0.0, 0.0, 0.0, 0.0, 0.0, 0.0, 0.0]"
NODE_0000215,"[2.381058840105723e-10, 4.589906774630956e-11, 0.999999995211715, 4.640656411067414e-11, 3.1974811441308546e-10, 4.6148275001579466e-11, 5.6303837329776354e-11, 4.6394062087552764e-11, 4.671398878101784e-11, 4.60154415315069e-11, 4.56285360174048e-11, 4.609904397993418e-11, 4.4202988024116954e-11, 4.54308039286973e-11, 3.191932311578785e-11, 1.1132937373173119e-10, 4.50178744238723e-11, 4.609904397989979e-11, 4.609904397991378e-11, 4.3548862409403354e-11, 1.1070789470910723e-09, 4.564585932247889e-11, 9.558879154451708e-10, 4.6247652908940343e-11, 4.055307444811141e-11, 4.455902155537973e-11, 3.970256616556881e-11, 4.4971026510098966e-11, 4.3791104625915526e-11, 9.762384476840302e-10, 4.6499166619224354e-11]"
hMpxV/Brazil/SP-IAL-357536254/2024|EPI_ISL_19359685|2024-02-29,"[0.0, 0.0, 1.0, 0.0, 0.0, 0.0, 0.0, 0.0, 0.0, 0.0, 0.0, 0.0, 0.0, 0.0, 0.0, 0.0, 0.0, 0.0, 0.0, 0.0, 0.0, 0.0, 0.0, 0.0, 0.0, 0.0, 0.0, 0.0, 0.0, 0.0, 0.0]"
NODE_0000216,"[2.216625803458004e-12, 1.8371403026858972e-13, 0.9999999999051699, 1.815897628586442e-13, 3.7019276914270214e-12, 1.834507079882716e-13, 2.4878563923044735e-13, 1.8689811013214399e-13, 1.8879784905339863e-13, 1.8317488911422005e-13, 1.8394888818290808e-13, 1.827493679387683e-13, 1.6715413809057486e-13, 1.833601700134864e-13, 1.1600311286236326e-13, 8.172709247066642e-13, 1.8026064837114284e-13, 1.8274936793864577e-13, 1.8274936793869608e-13, 1.6898715759459877e-13, 4.170026215891125e-11, 1.7103462370277675e-13, 2.1494460221443906e-11, 1.8219691238899382e-13, 1.6355632048956043e-13, 1.7944390863180238e-13, 1.4203648741908126e-13, 1.8264118096900554e-13, 1.6702188658619737e-13, 2.062106491011509e-11, 1.8611061390137677e-13]"
hMpxV/Brazil/SP-IAL-357827872/2024|EPI_ISL_19359680|2024-06-21,"[0.0, 0.0, 0.9999999999999999, 0.0, 0.0, 0.0, 0.0, 0.0, 0.0, 0.0, 0.0, 0.0, 0.0, 0.0, 0.0, 0.0, 0.0, 0.0, 0.0, 0.0, 0.0, 0.0, 0.0, 0.0, 0.0, 0.0, 0.0, 0.0, 0.0, 0.0, 0.0]"
hMpxV/Brazil/SP-IAL-357683862/2024|EPI_ISL_19359686|2024-04-18,"[0.0, 0.0, 1.0, 0.0, 0.0, 0.0, 0.0, 0.0, 0.0, 0.0, 0.0, 0.0, 0.0, 0.0, 0.0, 0.0, 0.0, 0.0, 0.0, 0.0, 0.0, 0.0, 0.0, 0.0, 0.0, 0.0, 0.0, 0.0, 0.0, 0.0, 0.0]"
hMpxV/Brazil/SP-IAL-357670600/2024|EPI_ISL_19359697|2024-04-14,"[0.0, 0.0, 0.9999999999999999, 0.0, 0.0, 0.0, 0.0, 0.0, 0.0, 0.0, 0.0, 0.0, 0.0, 0.0, 0.0, 0.0, 0.0, 0.0, 0.0, 0.0, 0.0, 0.0, 0.0, 0.0, 0.0, 0.0, 0.0, 0.0, 0.0, 0.0, 0.0]"
NODE_0000217,"[2.3516188774791067e-11, 1.8533795175993048e-12, 0.9999999989345093, 1.834509046973006e-12, 3.984087990386731e-11, 1.851700951228475e-12, 2.534671026736685e-12, 1.884308665683544e-12, 1.8999715836254962e-12, 1.8488408777425445e-12, 1.8600488569668945e-12, 1.847966794224617e-12, 1.6843963865091763e-12, 1.842213011569466e-12, 1.1586429521414986e-12, 8.49481758387008e-12, 1.8038640447523737e-12, 1.8479667942245184e-12, 1.8479667942246306e-12, 1.7010488874681413e-12, 4.824259386287354e-10, 1.7222347774972396e-12, 2.4500276872230567e-10, 1.841475797618668e-12, 1.6104525040931905e-12, 1.8127453157388304e-12, 1.425524458652614e-12, 1.846702695438995e-12, 1.6845581854244072e-12, 2.2308958900525329e-10, 1.8754404149378234e-12]"
hMpxV/Brazil/SP-IAL-357889812/2024|EPI_ISL_19359693|2024-08-07,"[0.0, 0.0, 1.0, 0.0, 0.0, 0.0, 0.0, 0.0, 0.0, 0.0, 0.0, 0.0, 0.0, 0.0, 0.0, 0.0, 0.0, 0.0, 0.0, 0.0, 0.0, 0.0, 0.0, 0.0, 0.0, 0.0, 0.0, 0.0, 0.0, 0.0, 0.0]"
hMpxV/Brazil/SP-IAL-357895451/2024|EPI_ISL_19359694|2024-08-12,"[0.0, 0.0, 1.0, 0.0, 0.0, 0.0, 0.0, 0.0, 0.0, 0.0, 0.0, 0.0, 0.0, 0.0, 0.0, 0.0, 0.0, 0.0, 0.0, 0.0, 0.0, 0.0, 0.0, 0.0, 0.0, 0.0, 0.0, 0.0, 0.0, 0.0, 0.0]"
hMpxV/Brazil/SP-IAL-357945993/2024|EPI_ISL_19446309|2024-09-16,"[0.0, 0.0, 1.0, 0.0, 0.0, 0.0, 0.0, 0.0, 0.0, 0.0, 0.0, 0.0, 0.0, 0.0, 0.0, 0.0, 0.0, 0.0, 0.0, 0.0, 0.0, 0.0, 0.0, 0.0, 0.0, 0.0, 0.0, 0.0, 0.0, 0.0, 0.0]"
NODE_0000218,"[4.490425392868654e-09, 8.398149704563552e-10, 0.9999999083762542, 8.499901578846363e-10, 6.0801558039297834e-09, 8.447271328080839e-10, 1.036617075018115e-09, 8.484717326568561e-10, 8.532480454152676e-10, 8.422380326433617e-10, 8.361484567944432e-10, 8.448503203564863e-10, 8.083627904019408e-10, 8.288725502735465e-10, 5.803131621113553e-10, 2.073095908751874e-09, 8.192043183768739e-10, 8.448503203563382e-10, 8.448503203564448e-10, 7.957211789449558e-10, 2.1873410766755044e-08, 8.343650877838148e-10, 1.8796715210248918e-08, 8.473306309576332e-10, 7.295582938925257e-10, 8.160621003159982e-10, 7.242824746576432e-10, 8.240785178450376e-10, 8.012830133869582e-10, 1.85645565492259e-08, 8.501455035415392e-10]"
hMpxV/Brazil/SP-IAL-357907042/2024|EPI_ISL_19372774|2024-08-21,"[0.0, 0.0, 1.0, 0.0, 0.0, 0.0, 0.0, 0.0, 0.0, 0.0, 0.0, 0.0, 0.0, 0.0, 0.0, 0.0, 0.0, 0.0, 0.0, 0.0, 0.0, 0.0, 0.0, 0.0, 0.0, 0.0, 0.0, 0.0, 0.0, 0.0, 0.0]"
NODE_0000219,"[1.2985899280054972e-09, 2.400745018131572e-10, 0.9999999730123205, 2.428492342245509e-10, 1.7662610271052642e-09, 2.41432987427837e-10, 2.964706375846444e-10, 2.4259324399456974e-10, 2.4402769500019563e-10, 2.4072967893968735e-10, 2.3898492127873534e-10, 2.4140388600280564e-10, 2.309010435411215e-10, 2.371006960082246e-10, 1.6584149418457094e-10, 5.974828363478883e-10, 2.344172487052149e-10, 2.414038860027652e-10, 2.414038860028201e-10, 2.2741659081309697e-10, 6.622839929806907e-09, 2.383152942917238e-10, 5.5605637103009075e-09, 2.421020576763219e-10, 2.092168423064677e-10, 2.3326553530940874e-10, 2.0680701754209903e-10, 2.3556398280852557e-10, 2.2888518946476979e-10, 5.497674272447661e-09, 2.4306037327113907e-10]"
hMpxV/Brazil/SP-IAL-357921794/2024|EPI_ISL_19446292|2024-08-31,"[0.0, 0.0, 1.0, 0.0, 0.0, 0.0, 0.0, 0.0, 0.0, 0.0, 0.0, 0.0, 0.0, 0.0, 0.0, 0.0, 0.0, 0.0, 0.0, 0.0, 0.0, 0.0, 0.0, 0.0, 0.0, 0.0, 0.0, 0.0, 0.0, 0.0, 0.0]"
NODE_0000220,"[3.336825587832762e-09, 6.669503470793241e-10, 0.9999999341410414, 6.73537703253987e-10, 4.435584880432632e-09, 6.702662940674626e-10, 8.121860574304957e-10, 6.744943187936386e-10, 6.801249275181984e-10, 6.683756740567109e-10, 6.618414119793532e-10, 6.686129277180776e-10, 6.427459415241897e-10, 6.622995219862092e-10, 4.672952962854441e-10, 1.5837671425609651e-09, 6.582772524834303e-10, 6.686129277179481e-10, 6.686129277180441e-10, 6.338250900859366e-10, 1.4576614627944115e-08, 6.640861299468318e-10, 1.2726080572361259e-08, 6.710026004022069e-10, 6.007688245271538e-10, 6.4679053877159e-10, 5.789982468747128e-10, 6.523339539896036e-10, 6.363356132060684e-10, 1.3495449647228382e-08, 6.762615751215593e-10]"
hMpxV/Brazil/SP-IAL-357988309/2024|EPI_ISL_19524873|2024-10-11,"[0.0, 0.0, 1.0, 0.0, 0.0, 0.0, 0.0, 0.0, 0.0, 0.0, 0.0, 0.0, 0.0, 0.0, 0.0, 0.0, 0.0, 0.0, 0.0, 0.0, 0.0, 0.0, 0.0, 0.0, 0.0, 0.0, 0.0, 0.0, 0.0, 0.0, 0.0]"
NODE_0000221,"[2.0710390869666804e-11, 2.567259064500653e-12, 0.9999999994154932, 2.566821642226569e-12, 3.1199385686773095e-11, 2.572513112493244e-12, 3.319238968349536e-12, 2.603096809167835e-12, 2.624228566240057e-12, 2.56692420341179e-12, 2.562862886086999e-12, 2.567293935593644e-12, 2.401413051091498e-12, 2.549392905555484e-12, 1.6959259726841232e-12, 8.53731895697412e-12, 2.5136215975364167e-12, 2.5672939355918396e-12, 2.567293935592587e-12, 2.396518185852813e-12, 2.0141425259138746e-10, 2.4678533289792385e-12, 1.329585559839006e-10, 2.5670928269526016e-12, 2.264183916573633e-12, 2.500785855532518e-12, 2.09500044441693e-12, 2.5353139528728983e-12, 2.3899142008521336e-12, 1.296250384611374e-10, 2.6000925311920284e-12]"
hMpxV/Brazil/SP-IAL-358000513/2024|EPI_ISL_19524877|2024-10-22,"[0.0, 0.0, 1.0, 0.0, 0.0, 0.0, 0.0, 0.0, 0.0, 0.0, 0.0, 0.0, 0.0, 0.0, 0.0, 0.0, 0.0, 0.0, 0.0, 0.0, 0.0, 0.0, 0.0, 0.0, 0.0, 0.0, 0.0, 0.0, 0.0, 0.0, 0.0]"
hMpxV/Brazil/SP-IAL-357949071/2024|EPI_ISL_19446311|2024-09-17,"[0.0, 0.0, 0.9999999999999999, 0.0, 0.0, 0.0, 0.0, 0.0, 0.0, 0.0, 0.0, 0.0, 0.0, 0.0, 0.0, 0.0, 0.0, 0.0, 0.0, 0.0, 0.0, 0.0, 0.0, 0.0, 0.0, 0.0, 0.0, 0.0, 0.0, 0.0, 0.0]"
NODE_0000222,"[1.4216859005757707e-11, 2.5391769320882936e-12, 0.9999999997009137, 2.575190975886773e-12, 1.949410125004342e-11, 2.5563565337856988e-12, 3.1643253373214258e-12, 2.562957359155129e-12, 2.5717328672916307e-12, 2.5481218023098296e-12, 2.534553445953774e-12, 2.561831662979112e-12, 2.4434573801571022e-12, 2.4932227626321802e-12, 1.737074408427766e-12, 6.430116944405895e-12, 2.4540342770891337e-12, 2.5618316629775865e-12, 2.5618316629783503e-12, 2.400894308347953e-12, 7.563154383048756e-11, 2.5202889127667457e-12, 6.37370940498152e-11, 2.5684616589531322e-12, 2.1379244253959537e-12, 2.4717036385293384e-12, 2.1818387693544685e-12, 2.49820434220089e-12, 2.424185404811367e-12, 5.994005216575872e-11, 2.567066523204383e-12]"
NODE_0000226,"[2.242877766340794e-09, 4.1283530135083236e-10, 0.9999999538079422, 4.1810997568731363e-10, 3.0501243618969222e-09, 4.15366394601518e-10, 5.112711676900146e-10, 4.1696066386906537e-10, 4.190005293970955e-10, 4.141092844836294e-10, 4.113856919608918e-10, 4.1570799729012554e-10, 3.973117837567611e-10, 4.06758447548224e-10, 2.84280248616912e-10, 1.0283512018429806e-09, 4.01444798476289e-10, 4.1570799729004846e-10, 4.157079972900943e-10, 3.908752009611815e-10, 1.1233892874313718e-08, 4.099914894432559e-10, 9.605068989172571e-09, 4.168752435230384e-10, 3.5493963299751857e-10, 4.0138860020912053e-10, 3.5555280822264543e-10, 4.0545681949941585e-10, 3.939526618079861e-10, 9.32902459286058e-09, 4.1772711716560773e-10]"
NODE_0000227,"[1.5520659473443098e-08, 2.9392666837878912e-09, 0.9999996860611134, 2.973563174277663e-09, 2.0940770275621297e-08, 2.9558696077408214e-09, 3.6192948204067195e-09, 2.9701819462339993e-09, 2.988428400022397e-09, 2.9473328598287235e-09, 2.9246441765416707e-09, 2.9549192472054846e-09, 2.8296205288172902e-09, 2.904433218487021e-09, 2.036137751125312e-09, 7.2040768024937965e-09, 2.873389187480324e-09, 2.9549192472051943e-09, 2.954919247205469e-09, 2.7864339040968877e-09, 7.367837285827835e-08, 2.921162938613843e-09, 6.374150868024463e-08, 2.9638722665490625e-09, 2.5720450792884944e-09, 2.854941774500693e-09, 2.5375740334623976e-09, 2.8823434537071667e-09, 2.80422050887409e-09, 6.372764872813814e-08, 2.9763357635411596e-09]"
hMpxV/Brazil/SP-IAL-357899649/2024|EPI_ISL_19372762|2024-08-15,"[0.0, 0.0, 1.0, 0.0, 0.0, 0.0, 0.0, 0.0, 0.0, 0.0, 0.0, 0.0, 0.0, 0.0, 0.0, 0.0, 0.0, 0.0, 0.0, 0.0, 0.0, 0.0, 0.0, 0.0, 0.0, 0.0, 0.0, 0.0, 0.0, 0.0, 0.0]"
hMpxV/Brazil/SP-IAL-357928626/2024|EPI_ISL_19446295|2024-09-04,"[0.0, 0.0, 1.0, 0.0, 0.0, 0.0, 0.0, 0.0, 0.0, 0.0, 0.0, 0.0, 0.0, 0.0, 0.0, 0.0, 0.0, 0.0, 0.0, 0.0, 0.0, 0.0, 0.0, 0.0, 0.0, 0.0, 0.0, 0.0, 0.0, 0.0, 0.0]"
NODE_0000228,"[8.303575694188222e-08, 1.5977182286642226e-08, 0.9999983337160335, 1.6149568417284743e-08, 1.1157776255038758e-07, 1.606118644274931e-08, 1.960357599317733e-08, 1.6151548224364303e-08, 1.626514703109259e-08, 1.6016770002893474e-08, 1.5881778729252756e-08, 1.604327178797581e-08, 1.5380644126247018e-08, 1.582079263030922e-08, 1.1109966977842607e-08, 3.8825986676868e-08, 1.5676810529545088e-08, 1.6043271787975124e-08, 1.6043271787975693e-08, 1.515784507574209e-08, 3.8398068176813724e-07, 1.5882345087918467e-08, 3.334980901786033e-07, 1.6093784526930924e-08, 1.415904711532372e-08, 1.5507915312472024e-08, 1.3810101904691021e-08, 1.565152525732137e-08, 1.5237540020458558e-08, 3.394537222104621e-07, 1.6187075200892328e-08]"
hMpxV/Brazil/SP-IAL-357917433/2024|EPI_ISL_19446290|2024-08-28,"[0.0, 0.0, 1.0, 0.0, 0.0, 0.0, 0.0, 0.0, 0.0, 0.0, 0.0, 0.0, 0.0, 0.0, 0.0, 0.0, 0.0, 0.0, 0.0, 0.0, 0.0, 0.0, 0.0, 0.0, 0.0, 0.0, 0.0, 0.0, 0.0, 0.0, 0.0]"
hMpxV/Brazil/SP-IAL-357930578/2024|EPI_ISL_19446299|2024-09-05,"[0.0, 0.0, 0.9999999999999999, 0.0, 0.0, 0.0, 0.0, 0.0, 0.0, 0.0, 0.0, 0.0, 0.0, 0.0, 0.0, 0.0, 0.0, 0.0, 0.0, 0.0, 0.0, 0.0, 0.0, 0.0, 0.0, 0.0, 0.0, 0.0, 0.0, 0.0, 0.0]"
NODE_0000223,"[1.0322278289057323e-11, 1.198335916407783e-12, 0.999999999690713, 1.200714192530962e-12, 1.583733462349191e-11, 1.2018221540099564e-12, 1.5699409003261798e-12, 1.2138876390062125e-12, 1.2205268272585658e-12, 1.1990490067699463e-12, 1.2001574029791773e-12, 1.2024310062018148e-12, 1.119594015534999e-12, 1.1829080323939592e-12, 7.809698245985711e-13, 4.140403261580907e-12, 1.1599397172260129e-12, 1.2024310062014223e-12, 1.202431006201896e-12, 1.1153696081575232e-12, 1.1213622518715552e-10, 1.1494433340278582e-12, 7.271102848269963e-11, 1.2015979816233558e-12, 1.0199323990845841e-12, 1.1696126646105304e-12, 9.716358418141194e-13, 1.1871993702968377e-12, 1.115568054132319e-12, 6.614233829555862e-11, 1.211728366295067e-12]"
hMpxV/Brazil/SP-IAL-357914860/2024|EPI_ISL_19372778|2024-08-26,"[0.0, 0.0, 1.0, 0.0, 0.0, 0.0, 0.0, 0.0, 0.0, 0.0, 0.0, 0.0, 0.0, 0.0, 0.0, 0.0, 0.0, 0.0, 0.0, 0.0, 0.0, 0.0, 0.0, 0.0, 0.0, 0.0, 0.0, 0.0, 0.0, 0.0, 0.0]"
hMpxV/Brazil/SP-IAL-357979151/2024|EPI_ISL_19524875|2024-10-04,"[0.0, 0.0, 1.0, 0.0, 0.0, 0.0, 0.0, 0.0, 0.0, 0.0, 0.0, 0.0, 0.0, 0.0, 0.0, 0.0, 0.0, 0.0, 0.0, 0.0, 0.0, 0.0, 0.0, 0.0, 0.0, 0.0, 0.0, 0.0, 0.0, 0.0, 0.0]"
NODE_0000224,"[8.916220385547843e-10, 1.7619000241708584e-10, 0.9999999823090617, 1.779853701582445e-10, 1.1889609418508349e-09, 1.7708780748429534e-10, 2.1503525906191328e-10, 1.7815767999899566e-10, 1.795709550377785e-10, 1.765857328417956e-10, 1.749316440556521e-10, 1.767218888530138e-10, 1.6975074488579595e-10, 1.7479889479047995e-10, 1.2316873715072731e-10, 4.212602918241052e-10, 1.7358322803192003e-10, 1.7672188885293117e-10, 1.7672188885301573e-10, 1.6735487793122524e-10, 3.966054219286844e-09, 1.753574180834232e-10, 3.452739280252594e-09, 1.7733427879443478e-10, 1.578230768947494e-10, 1.7091794862042583e-10, 1.5277595567341338e-10, 1.7241786330293065e-10, 1.6809155254368977e-10, 3.6226119231808817e-09, 1.7860482201261736e-10]"
hMpxV/Brazil/SP-IAL-357982862/2024|EPI_ISL_19524882|2024-10-08,"[0.0, 0.0, 1.0, 0.0, 0.0, 0.0, 0.0, 0.0, 0.0, 0.0, 0.0, 0.0, 0.0, 0.0, 0.0, 0.0, 0.0, 0.0, 0.0, 0.0, 0.0, 0.0, 0.0, 0.0, 0.0, 0.0, 0.0, 0.0, 0.0, 0.0, 0.0]"
NODE_0000225,"[5.039904808637995e-10, 9.923858556787738e-11, 0.9999999899626414, 1.0024396483146464e-10, 6.728647537348473e-10, 9.974275245113306e-11, 1.211617729152567e-10, 1.0034823623461348e-10, 1.0114410170898134e-10, 9.946007389861653e-11, 9.853326107742347e-11, 9.953673238590551e-11, 9.559521228774048e-11, 9.845467178715542e-11, 6.93494476629069e-11, 2.378316234135276e-10, 9.776574310294752e-11, 9.95367323858139e-11, 9.95367323858428e-11, 9.425229047391389e-11, 2.265389708006695e-09, 9.874956481855087e-11, 1.963186373269771e-09, 9.987967834211608e-11, 8.887850513859969e-11, 9.627199513066234e-11, 8.602045821100892e-11, 9.711982862335428e-11, 9.466369109758235e-11, 2.058013669672146e-09, 1.0059798329547788e-10]"
hMpxV/Brazil/SP-IAL-357888132/2024|EPI_ISL_19372758|2024-08-07,"[0.0, 0.0, 1.0, 0.0, 0.0, 0.0, 0.0, 0.0, 0.0, 0.0, 0.0, 0.0, 0.0, 0.0, 0.0, 0.0, 0.0, 0.0, 0.0, 0.0, 0.0, 0.0, 0.0, 0.0, 0.0, 0.0, 0.0, 0.0, 0.0, 0.0, 0.0]"
hMpxV/Brazil/SP-IAL-357985711/2024|EPI_ISL_19524886|2024-10-09,"[0.0, 0.0, 0.9999999999999999, 0.0, 0.0, 0.0, 0.0, 0.0, 0.0, 0.0, 0.0, 0.0, 0.0, 0.0, 0.0, 0.0, 0.0, 0.0, 0.0, 0.0, 0.0, 0.0, 0.0, 0.0, 0.0, 0.0, 0.0, 0.0, 0.0, 0.0, 0.0]"
NODE_0000164,"[0.9999999999980618, 3.298785992228879e-15, 1.7306770021143626e-12, 3.3178758562734634e-15, 5.0066177362030165e-15, 3.3177422844387465e-15, 3.5217447482009797e-15, 3.3650130415398538e-15, 3.3737708315757842e-15, 3.306922606776713e-15, 3.349939623123821e-15, 3.3476955443256213e-15, 2.906693515236209e-15, 3.1734703074452943e-15, 1.1088437606033054e-14, 2.8024135992741228e-15, 3.023911871587531e-15, 3.347695544325726e-15, 3.3476955443260733e-15, 2.8837485193002163e-15, 2.068426960517525e-14, 3.0254113448163088e-15, 3.996825082859899e-15, 3.337494718343429e-15, 1.750740144202956e-14, 3.2028998486666287e-15, 2.271219493898146e-15, 3.2990019248037375e-15, 2.9140383865746636e-15, 7.591354444256257e-14, 3.3485407286607856e-15]"
hMpxV/Australia/VIC-VIDRL-2984/2024|EPI_ISL_19459723|2024-05-27,"[0.9999999999999999, 0.0, 0.0, 0.0, 0.0, 0.0, 0.0, 0.0, 0.0, 0.0, 0.0, 0.0, 0.0, 0.0, 0.0, 0.0, 0.0, 0.0, 0.0, 0.0, 0.0, 0.0, 0.0, 0.0, 0.0, 0.0, 0.0, 0.0, 0.0, 0.0, 0.0]"
hMpxV/Australia/VIC-VIDRL-0369/2024|EPI_ISL_19459704|2024-05-16,"[0.9999999999999999, 0.0, 0.0, 0.0, 0.0, 0.0, 0.0, 0.0, 0.0, 0.0, 0.0, 0.0, 0.0, 0.0, 0.0, 0.0, 0.0, 0.0, 0.0, 0.0, 0.0, 0.0, 0.0, 0.0, 0.0, 0.0, 0.0, 0.0, 0.0, 0.0, 0.0]"
NODE_0000205,"[1.0, 3.760291017848315e-26, 9.47429165734922e-25, 3.7985016143727386e-26, 3.1942187211652975e-26, 3.793311072373473e-26, 3.8507203260495524e-26, 3.8450391376977356e-26, 3.8230844683875555e-26, 3.7792144176532425e-26, 3.8754950163700035e-26, 3.864270994570438e-26, 3.195232609552026e-26, 3.531135895056762e-26, 2.479702616293014e-25, 2.0687797477878088e-26, 3.2633382039054106e-26, 3.864270994572666e-26, 3.864270994575525e-26, 3.162007091737096e-26, 1.5831069373343602e-25, 3.330505881761639e-26, 1.545586306791647e-26, 3.834914661831232e-26, 4.066028545404772e-25, 3.662461757089356e-26, 2.3012885727831226e-26, 3.8139262523624766e-26, 3.214547630135898e-26, 9.247017009065925e-25, 3.80712575462373e-26]"
hMpxV/Australia/VIC-VIDRL-9624/2024|EPI_ISL_19459799|2024-05-15,"[0.9999999999999999, 0.0, 0.0, 0.0, 0.0, 0.0, 0.0, 0.0, 0.0, 0.0, 0.0, 0.0, 0.0, 0.0, 0.0, 0.0, 0.0, 0.0, 0.0, 0.0, 0.0, 0.0, 0.0, 0.0, 0.0, 0.0, 0.0, 0.0, 0.0, 0.0, 0.0]"
hMpxV/Australia/VIC-VIDRL-0994/2024|EPI_ISL_19459725|2024-05-20,"[1.0, 0.0, 0.0, 0.0, 0.0, 0.0, 0.0, 0.0, 0.0, 0.0, 0.0, 0.0, 0.0, 0.0, 0.0, 0.0, 0.0, 0.0, 0.0, 0.0, 0.0, 0.0, 0.0, 0.0, 0.0, 0.0, 0.0, 0.0, 0.0, 0.0, 0.0]"
hMpxV/Australia/VIC-VIDRL-9625/2024|EPI_ISL_19459739|2024-05-15,"[0.9999999999999999, 0.0, 0.0, 0.0, 0.0, 0.0, 0.0, 0.0, 0.0, 0.0, 0.0, 0.0, 0.0, 0.0, 0.0, 0.0, 0.0, 0.0, 0.0, 0.0, 0.0, 0.0, 0.0, 0.0, 0.0, 0.0, 0.0, 0.0, 0.0, 0.0, 0.0]"
hMpxV/Australia/VIC-VIDRL-9373/2024|EPI_ISL_19459741|2024-05-14,"[1.0, 0.0, 0.0, 0.0, 0.0, 0.0, 0.0, 0.0, 0.0, 0.0, 0.0, 0.0, 0.0, 0.0, 0.0, 0.0, 0.0, 0.0, 0.0, 0.0, 0.0, 0.0, 0.0, 0.0, 0.0, 0.0, 0.0, 0.0, 0.0, 0.0, 0.0]"
hMpxV/Australia/VIC-VIDRL-9428/2024|EPI_ISL_19459746|2024-05-14,"[1.0, 0.0, 0.0, 0.0, 0.0, 0.0, 0.0, 0.0, 0.0, 0.0, 0.0, 0.0, 0.0, 0.0, 0.0, 0.0, 0.0, 0.0, 0.0, 0.0, 0.0, 0.0, 0.0, 0.0, 0.0, 0.0, 0.0, 0.0, 0.0, 0.0, 0.0]"
hMpxV/Australia/VIC-VIDRL-9623/2024|EPI_ISL_19459703|2024-05-15,"[0.9999999999999999, 0.0, 0.0, 0.0, 0.0, 0.0, 0.0, 0.0, 0.0, 0.0, 0.0, 0.0, 0.0, 0.0, 0.0, 0.0, 0.0, 0.0, 0.0, 0.0, 0.0, 0.0, 0.0, 0.0, 0.0, 0.0, 0.0, 0.0, 0.0, 0.0, 0.0]"
NODE_0000185,"[0.9999999999999999, 1.1736621695491567e-76, 1.3913981522572686e-70, 1.0805227028223187e-76, 9.213477118108329e-77, 1.1560422422408661e-76, 1.3348717918382167e-76, 1.2351481656117757e-76, 1.1873003028340876e-76, 1.1487036883298773e-76, 1.4796418471717315e-76, 1.2807659348396167e-76, 5.083447351218866e-77, 8.762495860039494e-77, 2.9739374903821157e-73, 2.6954486028187327e-77, 6.4156081146838074e-77, 1.2807659348403185e-76, 1.2807659348411557e-76, 5.6204514875057296e-77, 1.1875914249816293e-72, 5.2568312529080744e-77, 2.137095646138924e-77, 1.2221222000015962e-76, 1.3750296293579946e-72, 1.2440729113413609e-76, 1.9616670582072347e-77, 1.4949609504383887e-76, 6.216140073553391e-77, 8.482539342276262e-71, 1.1702475970776861e-76]"
hMpxV/Australia/QLD-MX000018/2024|EPI_ISL_19539667|2024-05-22,"[1.0, 0.0, 0.0, 0.0, 0.0, 0.0, 0.0, 0.0, 0.0, 0.0, 0.0, 0.0, 0.0, 0.0, 0.0, 0.0, 0.0, 0.0, 0.0, 0.0, 0.0, 0.0, 0.0, 0.0, 0.0, 0.0, 0.0, 0.0, 0.0, 0.0, 0.0]"
hMpxV/Australia/QLD-MX000016/2024|EPI_ISL_19539666|2024-05-21,"[1.0, 0.0, 0.0, 0.0, 0.0, 0.0, 0.0, 0.0, 0.0, 0.0, 0.0, 0.0, 0.0, 0.0, 0.0, 0.0, 0.0, 0.0, 0.0, 0.0, 0.0, 0.0, 0.0, 0.0, 0.0, 0.0, 0.0, 0.0, 0.0, 0.0, 0.0]"
hMpxV/Australia/QLD-MX000019/2024|EPI_ISL_19539668|2024-05-22,"[1.0, 0.0, 0.0, 0.0, 0.0, 0.0, 0.0, 0.0, 0.0, 0.0, 0.0, 0.0, 0.0, 0.0, 0.0, 0.0, 0.0, 0.0, 0.0, 0.0, 0.0, 0.0, 0.0, 0.0, 0.0, 0.0, 0.0, 0.0, 0.0, 0.0, 0.0]"
hMpxV/Australia/QLD-MX000020/2024|EPI_ISL_19539670|2024-05-23,"[1.0, 0.0, 0.0, 0.0, 0.0, 0.0, 0.0, 0.0, 0.0, 0.0, 0.0, 0.0, 0.0, 0.0, 0.0, 0.0, 0.0, 0.0, 0.0, 0.0, 0.0, 0.0, 0.0, 0.0, 0.0, 0.0, 0.0, 0.0, 0.0, 0.0, 0.0]"
hMpxV/Australia/QLD-MX000014/2024|EPI_ISL_19539665|2024-05-21,"[1.0, 0.0, 0.0, 0.0, 0.0, 0.0, 0.0, 0.0, 0.0, 0.0, 0.0, 0.0, 0.0, 0.0, 0.0, 0.0, 0.0, 0.0, 0.0, 0.0, 0.0, 0.0, 0.0, 0.0, 0.0, 0.0, 0.0, 0.0, 0.0, 0.0, 0.0]"
hMpxV/Australia/QLD-MX000021/2024|EPI_ISL_19539671|2024-05-23,"[1.0, 0.0, 0.0, 0.0, 0.0, 0.0, 0.0, 0.0, 0.0, 0.0, 0.0, 0.0, 0.0, 0.0, 0.0, 0.0, 0.0, 0.0, 0.0, 0.0, 0.0, 0.0, 0.0, 0.0, 0.0, 0.0, 0.0, 0.0, 0.0, 0.0, 0.0]"
hMpxV/Australia/QLD-MX000028/2024|EPI_ISL_19539678|2024-06-17,"[1.0, 0.0, 0.0, 0.0, 0.0, 0.0, 0.0, 0.0, 0.0, 0.0, 0.0, 0.0, 0.0, 0.0, 0.0, 0.0, 0.0, 0.0, 0.0, 0.0, 0.0, 0.0, 0.0, 0.0, 0.0, 0.0, 0.0, 0.0, 0.0, 0.0, 0.0]"
hMpxV/Australia/QLD-MX000031/2024|EPI_ISL_19539681|2024-06-21,"[1.0, 0.0, 0.0, 0.0, 0.0, 0.0, 0.0, 0.0, 0.0, 0.0, 0.0, 0.0, 0.0, 0.0, 0.0, 0.0, 0.0, 0.0, 0.0, 0.0, 0.0, 0.0, 0.0, 0.0, 0.0, 0.0, 0.0, 0.0, 0.0, 0.0, 0.0]"
hMpxV/Australia/QLD-MX000027/2024|EPI_ISL_19539677|2024-05-29,"[1.0, 0.0, 0.0, 0.0, 0.0, 0.0, 0.0, 0.0, 0.0, 0.0, 0.0, 0.0, 0.0, 0.0, 0.0, 0.0, 0.0, 0.0, 0.0, 0.0, 0.0, 0.0, 0.0, 0.0, 0.0, 0.0, 0.0, 0.0, 0.0, 0.0, 0.0]"
hMpxV/Australia/QLD-MX000026/2024|EPI_ISL_19539676|2024-05-27,"[1.0, 0.0, 0.0, 0.0, 0.0, 0.0, 0.0, 0.0, 0.0, 0.0, 0.0, 0.0, 0.0, 0.0, 0.0, 0.0, 0.0, 0.0, 0.0, 0.0, 0.0, 0.0, 0.0, 0.0, 0.0, 0.0, 0.0, 0.0, 0.0, 0.0, 0.0]"
hMpxV/Australia/VIC-VIDRL-0241/2024|EPI_ISL_19459729|2024-05-16,"[1.0, 0.0, 0.0, 0.0, 0.0, 0.0, 0.0, 0.0, 0.0, 0.0, 0.0, 0.0, 0.0, 0.0, 0.0, 0.0, 0.0, 0.0, 0.0, 0.0, 0.0, 0.0, 0.0, 0.0, 0.0, 0.0, 0.0, 0.0, 0.0, 0.0, 0.0]"
hMpxV/Australia/VIC-VIDRL-3765/2024|EPI_ISL_19459727|2024-05-29,"[1.0, 0.0, 0.0, 0.0, 0.0, 0.0, 0.0, 0.0, 0.0, 0.0, 0.0, 0.0, 0.0, 0.0, 0.0, 0.0, 0.0, 0.0, 0.0, 0.0, 0.0, 0.0, 0.0, 0.0, 0.0, 0.0, 0.0, 0.0, 0.0, 0.0, 0.0]"
hMpxV/Australia/VIC-VIDRL-0239/2024|EPI_ISL_19459737|2024-05-16,"[1.0, 0.0, 0.0, 0.0, 0.0, 0.0, 0.0, 0.0, 0.0, 0.0, 0.0, 0.0, 0.0, 0.0, 0.0, 0.0, 0.0, 0.0, 0.0, 0.0, 0.0, 0.0, 0.0, 0.0, 0.0, 0.0, 0.0, 0.0, 0.0, 0.0, 0.0]"
hMpxV/Australia/VIC-VIDRL-3002/2024|EPI_ISL_19459791|2024-05-25,"[1.0, 0.0, 0.0, 0.0, 0.0, 0.0, 0.0, 0.0, 0.0, 0.0, 0.0, 0.0, 0.0, 0.0, 0.0, 0.0, 0.0, 0.0, 0.0, 0.0, 0.0, 0.0, 0.0, 0.0, 0.0, 0.0, 0.0, 0.0, 0.0, 0.0, 0.0]"
hMpxV/Australia/QLD-MX000012/2024|EPI_ISL_19539663|2024-05-17,"[0.9999999999999999, 0.0, 0.0, 0.0, 0.0, 0.0, 0.0, 0.0, 0.0, 0.0, 0.0, 0.0, 0.0, 0.0, 0.0, 0.0, 0.0, 0.0, 0.0, 0.0, 0.0, 0.0, 0.0, 0.0, 0.0, 0.0, 0.0, 0.0, 0.0, 0.0, 0.0]"
hMpxV/Australia/QLD-MX000048/2024|EPI_ISL_19539696|2024-08-29,"[1.0, 0.0, 0.0, 0.0, 0.0, 0.0, 0.0, 0.0, 0.0, 0.0, 0.0, 0.0, 0.0, 0.0, 0.0, 0.0, 0.0, 0.0, 0.0, 0.0, 0.0, 0.0, 0.0, 0.0, 0.0, 0.0, 0.0, 0.0, 0.0, 0.0, 0.0]"
hMpxV/Australia/QLD-MX000150/2024|EPI_ISL_19539791|2024-10-14,"[1.0, 0.0, 0.0, 0.0, 0.0, 0.0, 0.0, 0.0, 0.0, 0.0, 0.0, 0.0, 0.0, 0.0, 0.0, 0.0, 0.0, 0.0, 0.0, 0.0, 0.0, 0.0, 0.0, 0.0, 0.0, 0.0, 0.0, 0.0, 0.0, 0.0, 0.0]"
hMpxV/Australia/QLD-MX000062/2024|EPI_ISL_19539710|2024-09-04,"[1.0, 0.0, 0.0, 0.0, 0.0, 0.0, 0.0, 0.0, 0.0, 0.0, 0.0, 0.0, 0.0, 0.0, 0.0, 0.0, 0.0, 0.0, 0.0, 0.0, 0.0, 0.0, 0.0, 0.0, 0.0, 0.0, 0.0, 0.0, 0.0, 0.0, 0.0]"
hMpxV/Australia/QLD-MX000077/2024|EPI_ISL_19539725|2024-09-11,"[1.0, 0.0, 0.0, 0.0, 0.0, 0.0, 0.0, 0.0, 0.0, 0.0, 0.0, 0.0, 0.0, 0.0, 0.0, 0.0, 0.0, 0.0, 0.0, 0.0, 0.0, 0.0, 0.0, 0.0, 0.0, 0.0, 0.0, 0.0, 0.0, 0.0, 0.0]"
hMpxV/Australia/QLD-MX000063/2024|EPI_ISL_19539711|2024-09-07,"[1.0, 0.0, 0.0, 0.0, 0.0, 0.0, 0.0, 0.0, 0.0, 0.0, 0.0, 0.0, 0.0, 0.0, 0.0, 0.0, 0.0, 0.0, 0.0, 0.0, 0.0, 0.0, 0.0, 0.0, 0.0, 0.0, 0.0, 0.0, 0.0, 0.0, 0.0]"
hMpxV/Australia/QLD-MX000083/2024|EPI_ISL_19539731|2024-09-15,"[1.0, 0.0, 0.0, 0.0, 0.0, 0.0, 0.0, 0.0, 0.0, 0.0, 0.0, 0.0, 0.0, 0.0, 0.0, 0.0, 0.0, 0.0, 0.0, 0.0, 0.0, 0.0, 0.0, 0.0, 0.0, 0.0, 0.0, 0.0, 0.0, 0.0, 0.0]"
hMpxV/Australia/QLD-MX000091/2024|EPI_ISL_19539740|2024-09-17,"[1.0, 0.0, 0.0, 0.0, 0.0, 0.0, 0.0, 0.0, 0.0, 0.0, 0.0, 0.0, 0.0, 0.0, 0.0, 0.0, 0.0, 0.0, 0.0, 0.0, 0.0, 0.0, 0.0, 0.0, 0.0, 0.0, 0.0, 0.0, 0.0, 0.0, 0.0]"
hMpxV/Australia/QLD-MX000102/2024|EPI_ISL_19539749|2024-09-19,"[0.9999999999999999, 0.0, 0.0, 0.0, 0.0, 0.0, 0.0, 0.0, 0.0, 0.0, 0.0, 0.0, 0.0, 0.0, 0.0, 0.0, 0.0, 0.0, 0.0, 0.0, 0.0, 0.0, 0.0, 0.0, 0.0, 0.0, 0.0, 0.0, 0.0, 0.0, 0.0]"
hMpxV/Australia/QLD-MX000105/2024|EPI_ISL_19539752|2024-09-24,"[1.0, 0.0, 0.0, 0.0, 0.0, 0.0, 0.0, 0.0, 0.0, 0.0, 0.0, 0.0, 0.0, 0.0, 0.0, 0.0, 0.0, 0.0, 0.0, 0.0, 0.0, 0.0, 0.0, 0.0, 0.0, 0.0, 0.0, 0.0, 0.0, 0.0, 0.0]"
NODE_0000186,"[0.9999999994011584, 1.5973403303013736e-11, 5.913666734651524e-11, 1.635542666136096e-11, 1.418204798697293e-11, 1.6134604212280067e-11, 1.6024915946815806e-11, 1.6179804954324977e-11, 1.6288428715904338e-11, 1.6070301277660842e-11, 1.5872844281908477e-11, 1.6169453634157863e-11, 1.5371443461207046e-11, 1.5624204111097333e-11, 3.26296392456661e-11, 1.0923382282895338e-11, 1.5387808968401468e-11, 1.61694536341636e-11, 1.616945363417215e-11, 1.491637119524874e-11, 1.5458588605770832e-11, 1.6111436854215377e-11, 8.839778445631842e-12, 1.626615156258626e-11, 4.516224777812318e-11, 1.5356727764184224e-11, 1.3421614056562908e-11, 1.553541585317051e-11, 1.516922325421347e-11, 6.568487112451848e-11, 1.6255895775823947e-11]"
hMpxV/Australia/QLD-MX000023/2024|EPI_ISL_19539673|2024-05-28,"[1.0, 0.0, 0.0, 0.0, 0.0, 0.0, 0.0, 0.0, 0.0, 0.0, 0.0, 0.0, 0.0, 0.0, 0.0, 0.0, 0.0, 0.0, 0.0, 0.0, 0.0, 0.0, 0.0, 0.0, 0.0, 0.0, 0.0, 0.0, 0.0, 0.0, 0.0]"
hMpxV/Australia/QLD-MX000024/2024|EPI_ISL_19539674|2024-05-28,"[1.0, 0.0, 0.0, 0.0, 0.0, 0.0, 0.0, 0.0, 0.0, 0.0, 0.0, 0.0, 0.0, 0.0, 0.0, 0.0, 0.0, 0.0, 0.0, 0.0, 0.0, 0.0, 0.0, 0.0, 0.0, 0.0, 0.0, 0.0, 0.0, 0.0, 0.0]"
NODE_0000190,"[0.9999999970203027, 8.069216902088479e-11, 2.8379086565310075e-10, 8.261983384483783e-11, 7.200225682124829e-11, 8.14777107963206e-11, 8.088896343248523e-11, 8.166687936072525e-11, 8.230899315416082e-11, 8.114440154650404e-11, 8.010056709806443e-11, 8.160425319577632e-11, 7.795169095275919e-11, 7.900870890340322e-11, 1.5753990591505588e-10, 5.593998140490953e-11, 7.816490476158572e-11, 8.160425319580506e-11, 8.160425319584799e-11, 7.560568388971595e-11, 7.428505519896074e-11, 8.17599755145522e-11, 4.592545380838519e-11, 8.219165288673174e-11, 2.1750093536590854e-10, 7.756864746919644e-11, 6.914905516917307e-11, 7.837642124237532e-11, 7.704336420324178e-11, 3.1802622774383086e-10, 8.215423473507009e-11]"
hMpxV/Australia/VIC-VIDRL-4022/2024|EPI_ISL_19459715|2024-07-08,"[0.9999999999999999, 0.0, 0.0, 0.0, 0.0, 0.0, 0.0, 0.0, 0.0, 0.0, 0.0, 0.0, 0.0, 0.0, 0.0, 0.0, 0.0, 0.0, 0.0, 0.0, 0.0, 0.0, 0.0, 0.0, 0.0, 0.0, 0.0, 0.0, 0.0, 0.0, 0.0]"
hMpxV/Australia/VIC-VIDRL-4178/2024|EPI_ISL_19459784|2024-07-08,"[0.9999999999999999, 0.0, 0.0, 0.0, 0.0, 0.0, 0.0, 0.0, 0.0, 0.0, 0.0, 0.0, 0.0, 0.0, 0.0, 0.0, 0.0, 0.0, 0.0, 0.0, 0.0, 0.0, 0.0, 0.0, 0.0, 0.0, 0.0, 0.0, 0.0, 0.0, 0.0]"
NODE_0000198,"[0.9999996303483016, 1.0290080198001676e-08, 3.2760434021351487e-08, 1.0538647959655322e-08, 9.24559420354502e-09, 1.038668755740906e-08, 1.0301306344713843e-08, 1.0403438770866712e-08, 1.0502381006557886e-08, 1.0343042110412176e-08, 1.0194193856342515e-08, 1.0391319080133945e-08, 1.0012133188302215e-08, 1.0098453431201848e-08, 1.857219745199297e-08, 7.283162765314111e-09, 1.0057629433839379e-08, 1.0391319080134241e-08, 1.0391319080134852e-08, 9.701236120049408e-09, 8.669885147322726e-09, 1.0510733085041876e-08, 6.07219316857082e-09, 1.0483749123270487e-08, 2.5469785894549904e-08, 9.888896563653936e-09, 9.07250715312661e-09, 9.971569947807956e-09, 9.906817598549554e-09, 3.725708755485074e-08, 1.048389732464117e-08]"
hMpxV/Australia/QLD-MX000131/2024|EPI_ISL_19539775|2024-10-02,"[1.0, 0.0, 0.0, 0.0, 0.0, 0.0, 0.0, 0.0, 0.0, 0.0, 0.0, 0.0, 0.0, 0.0, 0.0, 0.0, 0.0, 0.0, 0.0, 0.0, 0.0, 0.0, 0.0, 0.0, 0.0, 0.0, 0.0, 0.0, 0.0, 0.0, 0.0]"
hMpxV/Australia/QLD-MX000133/2024|EPI_ISL_19539777|2024-10-02,"[1.0, 0.0, 0.0, 0.0, 0.0, 0.0, 0.0, 0.0, 0.0, 0.0, 0.0, 0.0, 0.0, 0.0, 0.0, 0.0, 0.0, 0.0, 0.0, 0.0, 0.0, 0.0, 0.0, 0.0, 0.0, 0.0, 0.0, 0.0, 0.0, 0.0, 0.0]"
NODE_0000196,"[0.9999970758319119, 8.145459761667073e-08, 2.587162882291806e-07, 8.341564075248933e-08, 7.3254069526273e-08, 8.221100709878296e-08, 8.153700692568767e-08, 8.233719900571993e-08, 8.313645882832349e-08, 8.186321494008161e-08, 8.06913258703531e-08, 8.224401492068123e-08, 7.927458427025577e-08, 7.993514607058911e-08, 1.4637868403821292e-07, 5.7770581052514776e-08, 7.96689096126009e-08, 8.224401492068228e-08, 8.224401492068405e-08, 7.681127335477109e-08, 6.833219566992114e-08, 8.323365655463937e-08, 4.8349609916062814e-08, 8.299379513648006e-08, 2.0080907334055204e-07, 7.828003446955323e-08, 7.205619141979441e-08, 7.892407226488288e-08, 7.848147960283428e-08, 2.945270978348202e-07, 8.299285003775291e-08]"
hMpxV/Australia/QLD-MX000106/2024|EPI_ISL_19539753|2024-09-24,"[1.0, 0.0, 0.0, 0.0, 0.0, 0.0, 0.0, 0.0, 0.0, 0.0, 0.0, 0.0, 0.0, 0.0, 0.0, 0.0, 0.0, 0.0, 0.0, 0.0, 0.0, 0.0, 0.0, 0.0, 0.0, 0.0, 0.0, 0.0, 0.0, 0.0, 0.0]"
NODE_0000197,"[0.9999999985923884, 3.746471588258908e-11, 1.3975735091998105e-10, 3.83586436388595e-11, 3.326081707720067e-11, 3.784238507613328e-11, 3.7588051058469277e-11, 3.7949735510571886e-11, 3.8203513556941876e-11, 3.769153847608566e-11, 3.723351145517278e-11, 3.7926094701889283e-11, 3.603781076891496e-11, 3.664067289807635e-11, 7.683812385925053e-11, 2.5605156871423868e-11, 3.608047786685144e-11, 3.7926094701898576e-11, 3.79260947019111e-11, 3.497328831875237e-11, 3.645168508761243e-11, 3.777234545159961e-11, 2.0718907759140512e-11, 3.815172728290875e-11, 1.0642716812835364e-10, 3.602025673597299e-11, 3.145122780372586e-11, 3.644274259908523e-11, 3.5567238433939726e-11, 1.551772488832867e-10, 3.812690702534545e-11]"
hMpxV/Australia/QLD-MX000120/2024|EPI_ISL_19539764|2024-10-01,"[1.0, 0.0, 0.0, 0.0, 0.0, 0.0, 0.0, 0.0, 0.0, 0.0, 0.0, 0.0, 0.0, 0.0, 0.0, 0.0, 0.0, 0.0, 0.0, 0.0, 0.0, 0.0, 0.0, 0.0, 0.0, 0.0, 0.0, 0.0, 0.0, 0.0, 0.0]"
hMpxV/Australia/QLD-MX000119/2024|EPI_ISL_19539763|2024-09-30,"[1.0, 0.0, 0.0, 0.0, 0.0, 0.0, 0.0, 0.0, 0.0, 0.0, 0.0, 0.0, 0.0, 0.0, 0.0, 0.0, 0.0, 0.0, 0.0, 0.0, 0.0, 0.0, 0.0, 0.0, 0.0, 0.0, 0.0, 0.0, 0.0, 0.0, 0.0]"
NODE_0000201,"[0.9999999999997828, 4.325302115450688e-15, 3.557670845485023e-14, 4.399669899635065e-15, 3.80672230086558e-15, 4.362526151500147e-15, 4.373950189260771e-15, 4.392530637657871e-15, 4.408239094836763e-15, 4.344620276414139e-15, 4.363026462941894e-15, 4.399804095238058e-15, 3.95772163566276e-15, 4.159649150388148e-15, 1.3885688559541141e-14, 2.7556983747272534e-15, 4.0179391981458835e-15, 4.399804095238996e-15, 4.399804095240324e-15, 3.872223993022005e-15, 7.518968240675005e-15, 4.1441239206386555e-15, 2.2185724825179095e-15, 4.410391981976878e-15, 2.0723326277158706e-14, 4.183762920826849e-15, 3.2722992653949042e-15, 4.279060531411505e-15, 3.956389699491587e-15, 3.800608089269193e-14, 4.395864231325827e-15]"
hMpxV/Australia/QLD-MX000140/2024|EPI_ISL_19539784|2024-09-30,"[1.0, 0.0, 0.0, 0.0, 0.0, 0.0, 0.0, 0.0, 0.0, 0.0, 0.0, 0.0, 0.0, 0.0, 0.0, 0.0, 0.0, 0.0, 0.0, 0.0, 0.0, 0.0, 0.0, 0.0, 0.0, 0.0, 0.0, 0.0, 0.0, 0.0, 0.0]"
hMpxV/Australia/QLD-MX000141/2024|EPI_ISL_19539785|2024-09-30,"[1.0, 0.0, 0.0, 0.0, 0.0, 0.0, 0.0, 0.0, 0.0, 0.0, 0.0, 0.0, 0.0, 0.0, 0.0, 0.0, 0.0, 0.0, 0.0, 0.0, 0.0, 0.0, 0.0, 0.0, 0.0, 0.0, 0.0, 0.0, 0.0, 0.0, 0.0]"
hMpxV/Australia/QLD-MX000107/2024|EPI_ISL_19539754|2024-09-25,"[1.0, 0.0, 0.0, 0.0, 0.0, 0.0, 0.0, 0.0, 0.0, 0.0, 0.0, 0.0, 0.0, 0.0, 0.0, 0.0, 0.0, 0.0, 0.0, 0.0, 0.0, 0.0, 0.0, 0.0, 0.0, 0.0, 0.0, 0.0, 0.0, 0.0, 0.0]"
hMpxV/Australia/QLD-MX000117/2024|EPI_ISL_19539761|2024-09-30,"[1.0, 0.0, 0.0, 0.0, 0.0, 0.0, 0.0, 0.0, 0.0, 0.0, 0.0, 0.0, 0.0, 0.0, 0.0, 0.0, 0.0, 0.0, 0.0, 0.0, 0.0, 0.0, 0.0, 0.0, 0.0, 0.0, 0.0, 0.0, 0.0, 0.0, 0.0]"
NODE_0000191,"[0.9999936298196127, 1.7755194657999836e-07, 5.627022488688469e-07, 1.8181996673991126e-07, 1.597606843625967e-07, 1.7919113812759133e-07, 1.7772215895777417e-07, 1.7945793777875905e-07, 1.8122040075705986e-07, 1.7843033040021195e-07, 1.758799732511303e-07, 1.7925712952165598e-07, 1.7283451558178338e-07, 1.7424110733050608e-07, 3.181324172059422e-07, 1.2608075806662787e-07, 1.7373396823199714e-07, 1.792571295216583e-07, 1.7925712952166085e-07, 1.6746048197894932e-07, 1.4849306307876323e-07, 1.814798641223643e-07, 1.057376769135687e-07, 1.8091408945557964e-07, 4.3646939364806476e-07, 1.7063279515005505e-07, 1.5737118703247234e-07, 1.7202185650886593e-07, 1.7115142191831017e-07, 6.410070723629649e-07, 1.8091054414513826e-07]"
hMpxV/Australia/QLD-MX000109/2024|EPI_ISL_19539756|2024-09-24,"[1.0, 0.0, 0.0, 0.0, 0.0, 0.0, 0.0, 0.0, 0.0, 0.0, 0.0, 0.0, 0.0, 0.0, 0.0, 0.0, 0.0, 0.0, 0.0, 0.0, 0.0, 0.0, 0.0, 0.0, 0.0, 0.0, 0.0, 0.0, 0.0, 0.0, 0.0]"
NODE_0000192,"[0.9999999999032705, 2.1997568317547517e-12, 1.3086710675621415e-11, 2.2444327344979414e-12, 1.935557942192958e-12, 2.2208071941777347e-12, 2.217797895788407e-12, 2.2327010678319543e-12, 2.2417083591595175e-12, 2.211987342876331e-12, 2.205591503858309e-12, 2.2344323857985617e-12, 2.0534538968615573e-12, 2.1300136244239412e-12, 5.960975697864544e-12, 1.4313306328249225e-12, 2.0680099040854678e-12, 2.234432385798647e-12, 2.234432385798734e-12, 2.002324724715606e-12, 3.045041494952095e-12, 2.1499330946878337e-12, 1.1431850387585685e-12, 2.2412233778434886e-12, 8.612705217091998e-12, 2.1218577865900536e-12, 1.7192568479148621e-12, 2.1614649514978763e-12, 2.0381981523599407e-12, 1.4114054225942721e-11, 2.236109303817203e-12]"
hMpxV/Australia/QLD-MX000135/2024|EPI_ISL_19539779|2024-10-02,"[0.9999999999999999, 0.0, 0.0, 0.0, 0.0, 0.0, 0.0, 0.0, 0.0, 0.0, 0.0, 0.0, 0.0, 0.0, 0.0, 0.0, 0.0, 0.0, 0.0, 0.0, 0.0, 0.0, 0.0, 0.0, 0.0, 0.0, 0.0, 0.0, 0.0, 0.0, 0.0]"
hMpxV/Australia/QLD-MX000134/2024|EPI_ISL_19539778|2024-10-02,"[0.9999999999999999, 0.0, 0.0, 0.0, 0.0, 0.0, 0.0, 0.0, 0.0, 0.0, 0.0, 0.0, 0.0, 0.0, 0.0, 0.0, 0.0, 0.0, 0.0, 0.0, 0.0, 0.0, 0.0, 0.0, 0.0, 0.0, 0.0, 0.0, 0.0, 0.0, 0.0]"
NODE_0000193,"[0.9999999923987045, 2.024011279345152e-10, 7.536829445630712e-10, 2.0724391764463602e-10, 1.7959007177659197e-10, 2.044534978140146e-10, 2.0307258917890641e-10, 2.0503850548003303e-10, 2.063859164412511e-10, 2.0364159162346935e-10, 2.0115065629794029e-10, 2.049093417257792e-10, 1.9468763898556375e-10, 1.9795539030836616e-10, 4.1564954618823207e-10, 1.381808709276817e-10, 1.9485241791177973e-10, 2.049093417257915e-10, 2.0490934172581358e-10, 1.889346570631786e-10, 1.9702086382239126e-10, 2.0404247707107444e-10, 1.1160649769692213e-10, 2.061035697488713e-10, 5.754357286380636e-10, 1.9458927217295953e-10, 1.696509533015229e-10, 1.9688162869947776e-10, 1.9208527677368092e-10, 8.362598211028038e-10, 2.0597037218320535e-10]"
hMpxV/Australia/QLD-MX000122/2024|EPI_ISL_19539766|2024-10-02,"[0.9999999999999999, 0.0, 0.0, 0.0, 0.0, 0.0, 0.0, 0.0, 0.0, 0.0, 0.0, 0.0, 0.0, 0.0, 0.0, 0.0, 0.0, 0.0, 0.0, 0.0, 0.0, 0.0, 0.0, 0.0, 0.0, 0.0, 0.0, 0.0, 0.0, 0.0, 0.0]"
hMpxV/Australia/QLD-MX000132/2024|EPI_ISL_19539776|2024-10-02,"[0.9999999999999999, 0.0, 0.0, 0.0, 0.0, 0.0, 0.0, 0.0, 0.0, 0.0, 0.0, 0.0, 0.0, 0.0, 0.0, 0.0, 0.0, 0.0, 0.0, 0.0, 0.0, 0.0, 0.0, 0.0, 0.0, 0.0, 0.0, 0.0, 0.0, 0.0, 0.0]"
NODE_0000199,"[0.9999999815955747, 4.487202436141153e-10, 2.215115118741806e-09, 4.5792420699405755e-10, 4.009075696930371e-10, 4.5257819144532276e-10, 4.512010715826123e-10, 4.543004825542649e-10, 4.5774910478338393e-10, 4.5064607841675294e-10, 4.482368944744112e-10, 4.544036374161807e-10, 4.2459564841060866e-10, 4.3617580089722114e-10, 1.0423802308245298e-09, 3.049726574076683e-10, 4.295447346455071e-10, 4.544036374161904e-10, 4.5440363741620673e-10, 4.1326680957900536e-10, 5.225209903403309e-10, 4.45459040390876e-10, 2.5381008713797386e-10, 4.5748679154513183e-10, 1.4897819092499058e-09, 4.3261006427549313e-10, 3.7315135752382476e-10, 4.3890469752587e-10, 4.230691476221172e-10, 2.459341863884002e-09, 4.5676370167555734e-10]"
hMpxV/Australia/QLD-MX000139/2024|EPI_ISL_19539783|2024-09-30,"[1.0, 0.0, 0.0, 0.0, 0.0, 0.0, 0.0, 0.0, 0.0, 0.0, 0.0, 0.0, 0.0, 0.0, 0.0, 0.0, 0.0, 0.0, 0.0, 0.0, 0.0, 0.0, 0.0, 0.0, 0.0, 0.0, 0.0, 0.0, 0.0, 0.0, 0.0]"
hMpxV/Australia/QLD-MX000156/2024|EPI_ISL_19539797|2024-10-14,"[0.9999999999999999, 0.0, 0.0, 0.0, 0.0, 0.0, 0.0, 0.0, 0.0, 0.0, 0.0, 0.0, 0.0, 0.0, 0.0, 0.0, 0.0, 0.0, 0.0, 0.0, 0.0, 0.0, 0.0, 0.0, 0.0, 0.0, 0.0, 0.0, 0.0, 0.0, 0.0]"
NODE_0000200,"[0.9999999999511376, 1.1161310322052716e-12, 6.562713070932326e-12, 1.138895437575095e-12, 9.82241057725885e-13, 1.1268268484131458e-12, 1.125157901863e-12, 1.1327938195171131e-12, 1.137424262690566e-12, 1.1223518858296978e-12, 1.1188611231874078e-12, 1.1336408720461917e-12, 1.0426224844102224e-12, 1.0809871836885478e-12, 3.004723535401235e-12, 7.270127961117914e-13, 1.0498355548611173e-12, 1.133640872046239e-12, 1.1336408720463062e-12, 1.0165481035876922e-12, 1.5318266117819063e-12, 1.091633048618971e-12, 5.808340815614045e-13, 1.137155839440333e-12, 4.336713894325814e-12, 1.0765151237998671e-12, 8.73750500071421e-13, 1.0964376632148698e-12, 1.0347326541940306e-12, 7.0820866796307266e-12, 1.1345987986341785e-12]"
hMpxV/Australia/QLD-MX000097/2024|EPI_ISL_19539745|2024-09-17,"[1.0, 0.0, 0.0, 0.0, 0.0, 0.0, 0.0, 0.0, 0.0, 0.0, 0.0, 0.0, 0.0, 0.0, 0.0, 0.0, 0.0, 0.0, 0.0, 0.0, 0.0, 0.0, 0.0, 0.0, 0.0, 0.0, 0.0, 0.0, 0.0, 0.0, 0.0]"
hMpxV/Australia/QLD-MX000103/2024|EPI_ISL_19539750|2024-09-24,"[1.0, 0.0, 0.0, 0.0, 0.0, 0.0, 0.0, 0.0, 0.0, 0.0, 0.0, 0.0, 0.0, 0.0, 0.0, 0.0, 0.0, 0.0, 0.0, 0.0, 0.0, 0.0, 0.0, 0.0, 0.0, 0.0, 0.0, 0.0, 0.0, 0.0, 0.0]"
hMpxV/Australia/QLD-MX000118/2024|EPI_ISL_19539762|2024-09-30,"[1.0, 0.0, 0.0, 0.0, 0.0, 0.0, 0.0, 0.0, 0.0, 0.0, 0.0, 0.0, 0.0, 0.0, 0.0, 0.0, 0.0, 0.0, 0.0, 0.0, 0.0, 0.0, 0.0, 0.0, 0.0, 0.0, 0.0, 0.0, 0.0, 0.0, 0.0]"
NODE_0000202,"[0.9999974674283615, 7.027242894188527e-08, 2.264889450812044e-07, 7.195824627780809e-08, 6.31593497572593e-08, 7.09250653422081e-08, 7.035563429863565e-08, 7.103910412225199e-08, 7.171758013810595e-08, 7.062524213054027e-08, 6.963421588400239e-08, 7.096432793144847e-08, 6.83229602025764e-08, 6.893553293446516e-08, 1.2757484308638803e-07, 4.9729788146040724e-08, 6.865916435812936e-08, 7.096432793145026e-08, 7.096432793145212e-08, 6.620960645491476e-08, 5.965100026998931e-08, 7.172999076230088e-08, 4.1599892525640206e-08, 7.160049876040944e-08, 1.7523196170067305e-07, 6.753742489058433e-08, 6.199203877048996e-08, 6.811032834748306e-08, 6.76456790341401e-08, 2.5737863553262815e-07, 7.1593496614754e-08]"
NODE_0000204,"[0.9999999992583511, 1.9788092132657783e-11, 7.320409698040092e-11, 2.0260727110975723e-11, 1.7576115861915337e-11, 1.9987025040073423e-11, 1.9851196940587996e-11, 2.0042482496955043e-11, 2.0178805430555765e-11, 1.9907160466928267e-11, 1.966295269423283e-11, 2.002966979495908e-11, 1.9044838100381302e-11, 1.9355789264137714e-11, 4.034282114976303e-11, 1.3544471445323367e-11, 1.9069009203398105e-11, 2.0029669794966174e-11, 2.0029669794976756e-11, 1.8480819860635407e-11, 1.9116959351342106e-11, 1.9962795942773723e-11, 1.0975379014857313e-11, 2.0151321808194937e-11, 5.584590765218353e-11, 1.9024437099432375e-11, 1.6649009389787514e-11, 1.924464151902854e-11, 1.8797918939773445e-11, 8.135633292534493e-11, 2.0138662382417395e-11]"
hMpxV/Australia/QLD-MX000096/2024|EPI_ISL_19539744|2024-09-17,"[1.0, 0.0, 0.0, 0.0, 0.0, 0.0, 0.0, 0.0, 0.0, 0.0, 0.0, 0.0, 0.0, 0.0, 0.0, 0.0, 0.0, 0.0, 0.0, 0.0, 0.0, 0.0, 0.0, 0.0, 0.0, 0.0, 0.0, 0.0, 0.0, 0.0, 0.0]"
hMpxV/Australia/QLD-MX000098/2024|EPI_ISL_19539746|2024-09-17,"[1.0, 0.0, 0.0, 0.0, 0.0, 0.0, 0.0, 0.0, 0.0, 0.0, 0.0, 0.0, 0.0, 0.0, 0.0, 0.0, 0.0, 0.0, 0.0, 0.0, 0.0, 0.0, 0.0, 0.0, 0.0, 0.0, 0.0, 0.0, 0.0, 0.0, 0.0]"
NODE_0000203,"[1.0, 2.248211680328351e-18, 3.515476415658186e-17, 2.2773771585256922e-18, 1.9431567161872485e-18, 2.267243623548923e-18, 2.2895045180405415e-18, 2.291167742354151e-18, 2.288200984156347e-18, 2.258283796724177e-18, 2.2956150577667806e-18, 2.2995380042947987e-18, 1.973015475325743e-18, 2.132643476974516e-18, 1.08076485969512e-17, 1.3233892059498114e-18, 2.0119028992671595e-18, 2.2995380042951153e-18, 2.2995380042954658e-18, 1.9429037352602676e-18, 6.440353854515786e-18, 2.0612084752327223e-18, 1.0302599397295538e-18, 2.293060382220544e-18, 1.7049005337471008e-17, 2.1833366151500206e-18, 1.518480336172419e-18, 2.255509992286127e-18, 1.9819560017455703e-18, 3.573496214969004e-17, 2.2801665637753264e-18]"
hMpxV/Australia/QLD-MX000065/2024|EPI_ISL_19539713|2024-09-06,"[1.0, 0.0, 0.0, 0.0, 0.0, 0.0, 0.0, 0.0, 0.0, 0.0, 0.0, 0.0, 0.0, 0.0, 0.0, 0.0, 0.0, 0.0, 0.0, 0.0, 0.0, 0.0, 0.0, 0.0, 0.0, 0.0, 0.0, 0.0, 0.0, 0.0, 0.0]"
hMpxV/Australia/QLD-MX000067/2024|EPI_ISL_19539715|2024-09-09,"[1.0, 0.0, 0.0, 0.0, 0.0, 0.0, 0.0, 0.0, 0.0, 0.0, 0.0, 0.0, 0.0, 0.0, 0.0, 0.0, 0.0, 0.0, 0.0, 0.0, 0.0, 0.0, 0.0, 0.0, 0.0, 0.0, 0.0, 0.0, 0.0, 0.0, 0.0]"
hMpxV/Australia/QLD-MX000080/2024|EPI_ISL_19539728|2024-09-13,"[1.0, 0.0, 0.0, 0.0, 0.0, 0.0, 0.0, 0.0, 0.0, 0.0, 0.0, 0.0, 0.0, 0.0, 0.0, 0.0, 0.0, 0.0, 0.0, 0.0, 0.0, 0.0, 0.0, 0.0, 0.0, 0.0, 0.0, 0.0, 0.0, 0.0, 0.0]"
hMpxV/Australia/QLD-MX000104/2024|EPI_ISL_19539751|2024-09-23,"[1.0, 0.0, 0.0, 0.0, 0.0, 0.0, 0.0, 0.0, 0.0, 0.0, 0.0, 0.0, 0.0, 0.0, 0.0, 0.0, 0.0, 0.0, 0.0, 0.0, 0.0, 0.0, 0.0, 0.0, 0.0, 0.0, 0.0, 0.0, 0.0, 0.0, 0.0]"
hMpxV/Australia/QLD-MX000110/2024|EPI_ISL_19539757|2024-09-25,"[0.9999999999999999, 0.0, 0.0, 0.0, 0.0, 0.0, 0.0, 0.0, 0.0, 0.0, 0.0, 0.0, 0.0, 0.0, 0.0, 0.0, 0.0, 0.0, 0.0, 0.0, 0.0, 0.0, 0.0, 0.0, 0.0, 0.0, 0.0, 0.0, 0.0, 0.0, 0.0]"
NODE_0000194,"[0.9999999999999999, 5.706774220134177e-23, 2.78324823652061e-21, 5.725225450922373e-23, 4.8798340253326955e-23, 5.741556350253906e-23, 5.877644896143218e-23, 5.83497783572173e-23, 5.803580371717399e-23, 5.717482334647038e-23, 5.953723212800345e-23, 5.876428594954476e-23, 4.6598510179065193e-23, 5.2819587717804995e-23, 5.206487103517275e-22, 3.0465509583565475e-23, 4.852664374012063e-23, 5.876428594955311e-23, 5.87642859495619e-23, 4.6431235692530753e-23, 3.752643359819485e-22, 4.8625974494526207e-23, 2.3768171834042456e-23, 5.832675352635222e-23, 9.15472394588721e-22, 5.590920524000493e-23, 3.3390915511564644e-23, 5.865959790147334e-23, 4.774629389236509e-23, 2.679809604866977e-21, 5.777001190222723e-23]"
hMpxV/Australia/QLD-MX000121/2024|EPI_ISL_19539765|2024-10-02,"[0.9999999999999999, 0.0, 0.0, 0.0, 0.0, 0.0, 0.0, 0.0, 0.0, 0.0, 0.0, 0.0, 0.0, 0.0, 0.0, 0.0, 0.0, 0.0, 0.0, 0.0, 0.0, 0.0, 0.0, 0.0, 0.0, 0.0, 0.0, 0.0, 0.0, 0.0, 0.0]"
hMpxV/Australia/QLD-MX000129/2024|EPI_ISL_19539773|2024-10-02,"[0.9999999999999999, 0.0, 0.0, 0.0, 0.0, 0.0, 0.0, 0.0, 0.0, 0.0, 0.0, 0.0, 0.0, 0.0, 0.0, 0.0, 0.0, 0.0, 0.0, 0.0, 0.0, 0.0, 0.0, 0.0, 0.0, 0.0, 0.0, 0.0, 0.0, 0.0, 0.0]"
hMpxV/Australia/QLD-MX000130/2024|EPI_ISL_19539774|2024-10-02,"[0.9999999999999999, 0.0, 0.0, 0.0, 0.0, 0.0, 0.0, 0.0, 0.0, 0.0, 0.0, 0.0, 0.0, 0.0, 0.0, 0.0, 0.0, 0.0, 0.0, 0.0, 0.0, 0.0, 0.0, 0.0, 0.0, 0.0, 0.0, 0.0, 0.0, 0.0, 0.0]"
hMpxV/Australia/QLD-MX000148/2024|EPI_ISL_19539789|2024-10-15,"[1.0, 0.0, 0.0, 0.0, 0.0, 0.0, 0.0, 0.0, 0.0, 0.0, 0.0, 0.0, 0.0, 0.0, 0.0, 0.0, 0.0, 0.0, 0.0, 0.0, 0.0, 0.0, 0.0, 0.0, 0.0, 0.0, 0.0, 0.0, 0.0, 0.0, 0.0]"
hMpxV/Australia/QLD-MX000149/2024|EPI_ISL_19539790|2024-10-15,"[1.0, 0.0, 0.0, 0.0, 0.0, 0.0, 0.0, 0.0, 0.0, 0.0, 0.0, 0.0, 0.0, 0.0, 0.0, 0.0, 0.0, 0.0, 0.0, 0.0, 0.0, 0.0, 0.0, 0.0, 0.0, 0.0, 0.0, 0.0, 0.0, 0.0, 0.0]"
hMpxV/Australia/QLD-MX000157/2024|EPI_ISL_19539798|2024-10-15,"[1.0, 0.0, 0.0, 0.0, 0.0, 0.0, 0.0, 0.0, 0.0, 0.0, 0.0, 0.0, 0.0, 0.0, 0.0, 0.0, 0.0, 0.0, 0.0, 0.0, 0.0, 0.0, 0.0, 0.0, 0.0, 0.0, 0.0, 0.0, 0.0, 0.0, 0.0]"
hMpxV/Australia/QLD-MX000158/2024|EPI_ISL_19539799|2024-10-17,"[1.0, 0.0, 0.0, 0.0, 0.0, 0.0, 0.0, 0.0, 0.0, 0.0, 0.0, 0.0, 0.0, 0.0, 0.0, 0.0, 0.0, 0.0, 0.0, 0.0, 0.0, 0.0, 0.0, 0.0, 0.0, 0.0, 0.0, 0.0, 0.0, 0.0, 0.0]"
NODE_0000195,"[0.99999999904351, 2.5499572902448298e-11, 9.457209984762978e-11, 2.610947686927294e-11, 2.263560033950127e-11, 2.5757281372128082e-11, 2.5582543441627097e-11, 2.5829919758302586e-11, 2.6002175541294387e-11, 2.5654747913003613e-11, 2.5339991239324135e-11, 2.5813475484128898e-11, 2.4535256352406256e-11, 2.4941312024851324e-11, 5.2174241433277604e-11, 1.7429099114721564e-11, 2.4559714020732807e-11, 2.581347548413493e-11, 2.5813475484141806e-11, 2.380935126649271e-11, 2.4723005484103194e-11, 2.571565457749351e-11, 1.4096216894867262e-11, 2.5966612323283814e-11, 7.221860119158489e-11, 2.4515260036736423e-11, 2.1409716778330568e-11, 2.4801613507858266e-11, 2.421088554671221e-11, 1.05009478535435e-10, 2.595011227735161e-11]"
hMpxV/Australia/QLD-MX000125/2024|EPI_ISL_19539769|2024-10-03,"[1.0, 0.0, 0.0, 0.0, 0.0, 0.0, 0.0, 0.0, 0.0, 0.0, 0.0, 0.0, 0.0, 0.0, 0.0, 0.0, 0.0, 0.0, 0.0, 0.0, 0.0, 0.0, 0.0, 0.0, 0.0, 0.0, 0.0, 0.0, 0.0, 0.0, 0.0]"
hMpxV/Australia/QLD-MX000108/2024|EPI_ISL_19539755|2024-09-23,"[1.0, 0.0, 0.0, 0.0, 0.0, 0.0, 0.0, 0.0, 0.0, 0.0, 0.0, 0.0, 0.0, 0.0, 0.0, 0.0, 0.0, 0.0, 0.0, 0.0, 0.0, 0.0, 0.0, 0.0, 0.0, 0.0, 0.0, 0.0, 0.0, 0.0, 0.0]"
NODE_0000187,"[0.999999999897493, 2.3777625028095618e-12, 1.3440052304964175e-11, 2.426175051865094e-12, 2.1006206411491302e-12, 2.399868920937877e-12, 2.395566761882889e-12, 2.411670007916533e-12, 2.423648209415477e-12, 2.390133378161687e-12, 2.381716051561895e-12, 2.4132892504975836e-12, 2.2276112141631782e-12, 2.3045712398472813e-12, 6.184507050163385e-12, 1.5650924601093274e-12, 2.2459101031392257e-12, 2.4132892504980545e-12, 2.413289250498766e-12, 2.171078483970223e-12, 3.1408010005626596e-12, 2.33355801108265e-12, 1.2650722986694993e-12, 2.4230392490090923e-12, 8.909100867758921e-12, 2.293168264182156e-12, 1.8900760957468955e-12, 2.333464133702933e-12, 2.2134998064236052e-12, 1.460139520966693e-11, 2.417865868094936e-12]"
hMpxV/Australia/VIC-VIDRL-6937/2024|EPI_ISL_19459780|2024-06-11,"[1.0, 0.0, 0.0, 0.0, 0.0, 0.0, 0.0, 0.0, 0.0, 0.0, 0.0, 0.0, 0.0, 0.0, 0.0, 0.0, 0.0, 0.0, 0.0, 0.0, 0.0, 0.0, 0.0, 0.0, 0.0, 0.0, 0.0, 0.0, 0.0, 0.0, 0.0]"
hMpxV/Australia/VIC-VIDRL-6445/2024|EPI_ISL_19459705|2024-06-07,"[1.0, 0.0, 0.0, 0.0, 0.0, 0.0, 0.0, 0.0, 0.0, 0.0, 0.0, 0.0, 0.0, 0.0, 0.0, 0.0, 0.0, 0.0, 0.0, 0.0, 0.0, 0.0, 0.0, 0.0, 0.0, 0.0, 0.0, 0.0, 0.0, 0.0, 0.0]"
NODE_0000188,"[0.9999999999999999, 7.654219250135351e-24, 6.783597274974176e-22, 7.624711742140463e-24, 6.64006722005959e-24, 7.675556531572608e-24, 7.920323453457022e-24, 7.815312945211735e-24, 7.789510236157581e-24, 7.63838941698544e-24, 8.072880978590893e-24, 7.886490760175123e-24, 6.035816546790629e-24, 6.990557410677867e-24, 9.083907617687822e-23, 4.045634049941672e-24, 6.428004891468774e-24, 7.88649076017659e-24, 7.886490760178723e-24, 6.051803807143784e-24, 7.355267792113382e-23, 6.312347359493547e-24, 3.375012364053385e-24, 7.843662574719922e-24, 1.7093707971623817e-22, 7.542381086312094e-24, 4.409818398678464e-24, 7.959640108690736e-24, 6.3168373140135766e-24, 6.525168316743679e-22, 7.752150728007903e-24]"
hMpxV/Australia/VIC-VIDRL-3955/2024|EPI_ISL_19459711|2024-07-07,"[1.0, 0.0, 0.0, 0.0, 0.0, 0.0, 0.0, 0.0, 0.0, 0.0, 0.0, 0.0, 0.0, 0.0, 0.0, 0.0, 0.0, 0.0, 0.0, 0.0, 0.0, 0.0, 0.0, 0.0, 0.0, 0.0, 0.0, 0.0, 0.0, 0.0, 0.0]"
hMpxV/Australia/QLD-MX000038/2024|EPI_ISL_19539687|2024-07-30,"[0.9999999999999999, 0.0, 0.0, 0.0, 0.0, 0.0, 0.0, 0.0, 0.0, 0.0, 0.0, 0.0, 0.0, 0.0, 0.0, 0.0, 0.0, 0.0, 0.0, 0.0, 0.0, 0.0, 0.0, 0.0, 0.0, 0.0, 0.0, 0.0, 0.0, 0.0, 0.0]"
hMpxV/Australia/QLD-MX000040/2024|EPI_ISL_19539689|2024-07-30,"[0.9999999999999999, 0.0, 0.0, 0.0, 0.0, 0.0, 0.0, 0.0, 0.0, 0.0, 0.0, 0.0, 0.0, 0.0, 0.0, 0.0, 0.0, 0.0, 0.0, 0.0, 0.0, 0.0, 0.0, 0.0, 0.0, 0.0, 0.0, 0.0, 0.0, 0.0, 0.0]"
hMpxV/Australia/QLD-MX000138/2024|EPI_ISL_19539782|2024-09-12,"[0.9999999999999999, 0.0, 0.0, 0.0, 0.0, 0.0, 0.0, 0.0, 0.0, 0.0, 0.0, 0.0, 0.0, 0.0, 0.0, 0.0, 0.0, 0.0, 0.0, 0.0, 0.0, 0.0, 0.0, 0.0, 0.0, 0.0, 0.0, 0.0, 0.0, 0.0, 0.0]"
hMpxV/Australia/QLD-MX000066/2024|EPI_ISL_19539714|2024-09-05,"[1.0, 0.0, 0.0, 0.0, 0.0, 0.0, 0.0, 0.0, 0.0, 0.0, 0.0, 0.0, 0.0, 0.0, 0.0, 0.0, 0.0, 0.0, 0.0, 0.0, 0.0, 0.0, 0.0, 0.0, 0.0, 0.0, 0.0, 0.0, 0.0, 0.0, 0.0]"
hMpxV/Australia/QLD-MX000079/2024|EPI_ISL_19539726|2024-09-12,"[0.9999999999999999, 0.0, 0.0, 0.0, 0.0, 0.0, 0.0, 0.0, 0.0, 0.0, 0.0, 0.0, 0.0, 0.0, 0.0, 0.0, 0.0, 0.0, 0.0, 0.0, 0.0, 0.0, 0.0, 0.0, 0.0, 0.0, 0.0, 0.0, 0.0, 0.0, 0.0]"
hMpxV/Australia/QLD-MX000082/2024|EPI_ISL_19539730|2024-09-15,"[1.0, 0.0, 0.0, 0.0, 0.0, 0.0, 0.0, 0.0, 0.0, 0.0, 0.0, 0.0, 0.0, 0.0, 0.0, 0.0, 0.0, 0.0, 0.0, 0.0, 0.0, 0.0, 0.0, 0.0, 0.0, 0.0, 0.0, 0.0, 0.0, 0.0, 0.0]"
hMpxV/Australia/QLD-MX000081/2024|EPI_ISL_19539729|2024-09-12,"[0.9999999999999999, 0.0, 0.0, 0.0, 0.0, 0.0, 0.0, 0.0, 0.0, 0.0, 0.0, 0.0, 0.0, 0.0, 0.0, 0.0, 0.0, 0.0, 0.0, 0.0, 0.0, 0.0, 0.0, 0.0, 0.0, 0.0, 0.0, 0.0, 0.0, 0.0, 0.0]"
hMpxV/Australia/QLD-MX000094/2024|EPI_ISL_19539742|2024-09-19,"[1.0, 0.0, 0.0, 0.0, 0.0, 0.0, 0.0, 0.0, 0.0, 0.0, 0.0, 0.0, 0.0, 0.0, 0.0, 0.0, 0.0, 0.0, 0.0, 0.0, 0.0, 0.0, 0.0, 0.0, 0.0, 0.0, 0.0, 0.0, 0.0, 0.0, 0.0]"
NODE_0000189,"[0.9999997266448224, 7.488330548408803e-09, 2.529339723209597e-08, 7.666757165640901e-09, 6.710525159255671e-09, 7.558800240866758e-09, 7.501807001613202e-09, 7.573258514670735e-09, 7.640172542107515e-09, 7.527150827806853e-09, 7.42731786712235e-09, 7.566884738781528e-09, 7.256256581067581e-09, 7.337621271558943e-09, 1.409403985942108e-08, 5.2510524464926305e-09, 7.286836775420111e-09, 7.566884738782888e-09, 7.566884738784895e-09, 7.035078663749552e-09, 6.621460877659475e-09, 7.615222487571205e-09, 4.3677565292554674e-09, 7.629227541631285e-09, 1.942401047528096e-08, 7.197900338387499e-09, 6.525490715738296e-09, 7.265680580954189e-09, 7.1819644130215695e-09, 2.8550771350476457e-08, 7.626635455055968e-09]"
hMpxV/Australia/QLD-MX000056/2024|EPI_ISL_19539704|2024-09-01,"[1.0, 0.0, 0.0, 0.0, 0.0, 0.0, 0.0, 0.0, 0.0, 0.0, 0.0, 0.0, 0.0, 0.0, 0.0, 0.0, 0.0, 0.0, 0.0, 0.0, 0.0, 0.0, 0.0, 0.0, 0.0, 0.0, 0.0, 0.0, 0.0, 0.0, 0.0]"
hMpxV/Australia/QLD-MX000116/2024|EPI_ISL_19539760|2024-09-30,"[1.0, 0.0, 0.0, 0.0, 0.0, 0.0, 0.0, 0.0, 0.0, 0.0, 0.0, 0.0, 0.0, 0.0, 0.0, 0.0, 0.0, 0.0, 0.0, 0.0, 0.0, 0.0, 0.0, 0.0, 0.0, 0.0, 0.0, 0.0, 0.0, 0.0, 0.0]"
NODE_0000165,"[0.9999999999999999, 1.1593548465683386e-70, 6.911864760627465e-65, 1.0818586716551745e-70, 8.457769984108118e-71, 1.1519208221841185e-70, 1.3160286625752026e-70, 1.230032041872667e-70, 1.1652174063100478e-70, 1.1467607201749286e-70, 1.4454434968297337e-70, 1.2746738272429025e-70, 5.1803793272800456e-71, 8.765229511142704e-71, 2.7074513174166025e-67, 2.397969666618237e-71, 6.1496848424010924e-71, 1.2746738272431613e-70, 1.2746738272436685e-70, 5.684388754901833e-71, 8.810182460950514e-67, 5.303749977036225e-71, 1.5485948837023286e-71, 1.1990903477597936e-70, 1.1289480734794097e-66, 1.2146752159965495e-70, 1.7093574597676764e-71, 1.4594390696168788e-70, 6.0261451825989715e-71, 3.809514285877527e-65, 1.1488673457375016e-70]"
hMpxV/Australia/QLD-MX000033/2024|EPI_ISL_19539683|2024-06-24,"[1.0, 0.0, 0.0, 0.0, 0.0, 0.0, 0.0, 0.0, 0.0, 0.0, 0.0, 0.0, 0.0, 0.0, 0.0, 0.0, 0.0, 0.0, 0.0, 0.0, 0.0, 0.0, 0.0, 0.0, 0.0, 0.0, 0.0, 0.0, 0.0, 0.0, 0.0]"
hMpxV/Australia/QLD-MX000037/2024|EPI_ISL_19539686|2024-07-29,"[1.0, 0.0, 0.0, 0.0, 0.0, 0.0, 0.0, 0.0, 0.0, 0.0, 0.0, 0.0, 0.0, 0.0, 0.0, 0.0, 0.0, 0.0, 0.0, 0.0, 0.0, 0.0, 0.0, 0.0, 0.0, 0.0, 0.0, 0.0, 0.0, 0.0, 0.0]"
hMpxV/Australia/VIC-VIDRL-9145/2024|EPI_ISL_19459712|2024-06-18,"[1.0, 0.0, 0.0, 0.0, 0.0, 0.0, 0.0, 0.0, 0.0, 0.0, 0.0, 0.0, 0.0, 0.0, 0.0, 0.0, 0.0, 0.0, 0.0, 0.0, 0.0, 0.0, 0.0, 0.0, 0.0, 0.0, 0.0, 0.0, 0.0, 0.0, 0.0]"
hMpxV/Australia/VIC-VIDRL-6180/2024|EPI_ISL_19459716|2024-06-06,"[1.0, 0.0, 0.0, 0.0, 0.0, 0.0, 0.0, 0.0, 0.0, 0.0, 0.0, 0.0, 0.0, 0.0, 0.0, 0.0, 0.0, 0.0, 0.0, 0.0, 0.0, 0.0, 0.0, 0.0, 0.0, 0.0, 0.0, 0.0, 0.0, 0.0, 0.0]"
hMpxV/Australia/VIC-VIDRL-8561/2024|EPI_ISL_19459719|2024-06-17,"[1.0, 0.0, 0.0, 0.0, 0.0, 0.0, 0.0, 0.0, 0.0, 0.0, 0.0, 0.0, 0.0, 0.0, 0.0, 0.0, 0.0, 0.0, 0.0, 0.0, 0.0, 0.0, 0.0, 0.0, 0.0, 0.0, 0.0, 0.0, 0.0, 0.0, 0.0]"
hMpxV/Australia/VIC-VIDRL-8119/2024|EPI_ISL_19459721|2024-06-14,"[1.0, 0.0, 0.0, 0.0, 0.0, 0.0, 0.0, 0.0, 0.0, 0.0, 0.0, 0.0, 0.0, 0.0, 0.0, 0.0, 0.0, 0.0, 0.0, 0.0, 0.0, 0.0, 0.0, 0.0, 0.0, 0.0, 0.0, 0.0, 0.0, 0.0, 0.0]"
hMpxV/Australia/VIC-VIDRL-0967/2024|EPI_ISL_19459728|2024-06-25,"[0.9999999999999999, 0.0, 0.0, 0.0, 0.0, 0.0, 0.0, 0.0, 0.0, 0.0, 0.0, 0.0, 0.0, 0.0, 0.0, 0.0, 0.0, 0.0, 0.0, 0.0, 0.0, 0.0, 0.0, 0.0, 0.0, 0.0, 0.0, 0.0, 0.0, 0.0, 0.0]"
hMpxV/Australia/VIC-VIDRL-0493/2024|EPI_ISL_19459731|2024-06-24,"[1.0, 0.0, 0.0, 0.0, 0.0, 0.0, 0.0, 0.0, 0.0, 0.0, 0.0, 0.0, 0.0, 0.0, 0.0, 0.0, 0.0, 0.0, 0.0, 0.0, 0.0, 0.0, 0.0, 0.0, 0.0, 0.0, 0.0, 0.0, 0.0, 0.0, 0.0]"
hMpxV/Australia/VIC-VIDRL-8843/2024|EPI_ISL_19459744|2024-06-17,"[1.0, 0.0, 0.0, 0.0, 0.0, 0.0, 0.0, 0.0, 0.0, 0.0, 0.0, 0.0, 0.0, 0.0, 0.0, 0.0, 0.0, 0.0, 0.0, 0.0, 0.0, 0.0, 0.0, 0.0, 0.0, 0.0, 0.0, 0.0, 0.0, 0.0, 0.0]"
hMpxV/Australia/VIC-VIDRL-8126/2024|EPI_ISL_19459743|2024-06-14,"[1.0, 0.0, 0.0, 0.0, 0.0, 0.0, 0.0, 0.0, 0.0, 0.0, 0.0, 0.0, 0.0, 0.0, 0.0, 0.0, 0.0, 0.0, 0.0, 0.0, 0.0, 0.0, 0.0, 0.0, 0.0, 0.0, 0.0, 0.0, 0.0, 0.0, 0.0]"
hMpxV/Australia/VIC-VIDRL-8844/2024|EPI_ISL_19459750|2024-06-17,"[1.0, 0.0, 0.0, 0.0, 0.0, 0.0, 0.0, 0.0, 0.0, 0.0, 0.0, 0.0, 0.0, 0.0, 0.0, 0.0, 0.0, 0.0, 0.0, 0.0, 0.0, 0.0, 0.0, 0.0, 0.0, 0.0, 0.0, 0.0, 0.0, 0.0, 0.0]"
hMpxV/Australia/VIC-VIDRL-5416/2024|EPI_ISL_19459762|2024-06-03,"[0.9999999999999999, 0.0, 0.0, 0.0, 0.0, 0.0, 0.0, 0.0, 0.0, 0.0, 0.0, 0.0, 0.0, 0.0, 0.0, 0.0, 0.0, 0.0, 0.0, 0.0, 0.0, 0.0, 0.0, 0.0, 0.0, 0.0, 0.0, 0.0, 0.0, 0.0, 0.0]"
hMpxV/Australia/VIC-VIDRL-8778/2024|EPI_ISL_19459766|2024-06-17,"[1.0, 0.0, 0.0, 0.0, 0.0, 0.0, 0.0, 0.0, 0.0, 0.0, 0.0, 0.0, 0.0, 0.0, 0.0, 0.0, 0.0, 0.0, 0.0, 0.0, 0.0, 0.0, 0.0, 0.0, 0.0, 0.0, 0.0, 0.0, 0.0, 0.0, 0.0]"
hMpxV/Australia/VIC-VIDRL-9661/2024|EPI_ISL_19459771|2024-06-20,"[1.0, 0.0, 0.0, 0.0, 0.0, 0.0, 0.0, 0.0, 0.0, 0.0, 0.0, 0.0, 0.0, 0.0, 0.0, 0.0, 0.0, 0.0, 0.0, 0.0, 0.0, 0.0, 0.0, 0.0, 0.0, 0.0, 0.0, 0.0, 0.0, 0.0, 0.0]"
hMpxV/Australia/VIC-VIDRL-4120/2024|EPI_ISL_19459773|2024-07-08,"[1.0, 0.0, 0.0, 0.0, 0.0, 0.0, 0.0, 0.0, 0.0, 0.0, 0.0, 0.0, 0.0, 0.0, 0.0, 0.0, 0.0, 0.0, 0.0, 0.0, 0.0, 0.0, 0.0, 0.0, 0.0, 0.0, 0.0, 0.0, 0.0, 0.0, 0.0]"
hMpxV/Australia/VIC-VIDRL-9874/2024|EPI_ISL_19459776|2024-06-20,"[1.0, 0.0, 0.0, 0.0, 0.0, 0.0, 0.0, 0.0, 0.0, 0.0, 0.0, 0.0, 0.0, 0.0, 0.0, 0.0, 0.0, 0.0, 0.0, 0.0, 0.0, 0.0, 0.0, 0.0, 0.0, 0.0, 0.0, 0.0, 0.0, 0.0, 0.0]"
hMpxV/Australia/VIC-VIDRL-6919/2024|EPI_ISL_19459775|2024-07-17,"[1.0, 0.0, 0.0, 0.0, 0.0, 0.0, 0.0, 0.0, 0.0, 0.0, 0.0, 0.0, 0.0, 0.0, 0.0, 0.0, 0.0, 0.0, 0.0, 0.0, 0.0, 0.0, 0.0, 0.0, 0.0, 0.0, 0.0, 0.0, 0.0, 0.0, 0.0]"
hMpxV/Australia/VIC-VIDRL-8557/2024|EPI_ISL_19459781|2024-06-17,"[1.0, 0.0, 0.0, 0.0, 0.0, 0.0, 0.0, 0.0, 0.0, 0.0, 0.0, 0.0, 0.0, 0.0, 0.0, 0.0, 0.0, 0.0, 0.0, 0.0, 0.0, 0.0, 0.0, 0.0, 0.0, 0.0, 0.0, 0.0, 0.0, 0.0, 0.0]"
hMpxV/Australia/VIC-VIDRL-4827/2024|EPI_ISL_19459787|2024-07-08,"[1.0, 0.0, 0.0, 0.0, 0.0, 0.0, 0.0, 0.0, 0.0, 0.0, 0.0, 0.0, 0.0, 0.0, 0.0, 0.0, 0.0, 0.0, 0.0, 0.0, 0.0, 0.0, 0.0, 0.0, 0.0, 0.0, 0.0, 0.0, 0.0, 0.0, 0.0]"
hMpxV/Australia/VIC-VIDRL-8608/2024|EPI_ISL_19459790|2024-06-17,"[1.0, 0.0, 0.0, 0.0, 0.0, 0.0, 0.0, 0.0, 0.0, 0.0, 0.0, 0.0, 0.0, 0.0, 0.0, 0.0, 0.0, 0.0, 0.0, 0.0, 0.0, 0.0, 0.0, 0.0, 0.0, 0.0, 0.0, 0.0, 0.0, 0.0, 0.0]"
hMpxV/Australia/VIC-VIDRL-8550/2024|EPI_ISL_19459707|2024-07-24,"[1.0, 0.0, 0.0, 0.0, 0.0, 0.0, 0.0, 0.0, 0.0, 0.0, 0.0, 0.0, 0.0, 0.0, 0.0, 0.0, 0.0, 0.0, 0.0, 0.0, 0.0, 0.0, 0.0, 0.0, 0.0, 0.0, 0.0, 0.0, 0.0, 0.0, 0.0]"
hMpxV/Australia/VIC-VIDRL-8845/2024|EPI_ISL_19459706|2024-06-17,"[1.0, 0.0, 0.0, 0.0, 0.0, 0.0, 0.0, 0.0, 0.0, 0.0, 0.0, 0.0, 0.0, 0.0, 0.0, 0.0, 0.0, 0.0, 0.0, 0.0, 0.0, 0.0, 0.0, 0.0, 0.0, 0.0, 0.0, 0.0, 0.0, 0.0, 0.0]"
hMpxV/Australia/VIC-VIDRL-9037/2024|EPI_ISL_19459801|2024-06-18,"[1.0, 0.0, 0.0, 0.0, 0.0, 0.0, 0.0, 0.0, 0.0, 0.0, 0.0, 0.0, 0.0, 0.0, 0.0, 0.0, 0.0, 0.0, 0.0, 0.0, 0.0, 0.0, 0.0, 0.0, 0.0, 0.0, 0.0, 0.0, 0.0, 0.0, 0.0]"
hMpxV/Australia/VIC-VIDRL-9660/2024|EPI_ISL_19459802|2024-06-20,"[1.0, 0.0, 0.0, 0.0, 0.0, 0.0, 0.0, 0.0, 0.0, 0.0, 0.0, 0.0, 0.0, 0.0, 0.0, 0.0, 0.0, 0.0, 0.0, 0.0, 0.0, 0.0, 0.0, 0.0, 0.0, 0.0, 0.0, 0.0, 0.0, 0.0, 0.0]"
NODE_0000184,"[0.9999999980583316, 5.2267915606408766e-11, 1.8764404646858343e-10, 5.351622998871181e-11, 4.6552306789415226e-11, 5.278325823151626e-11, 5.2411381505620947e-11, 5.2915272505158225e-11, 5.330848724590281e-11, 5.256927463366828e-11, 5.190636826347628e-11, 5.287791739728121e-11, 5.04154335934714e-11, 5.115551570079769e-11, 1.0386738826146237e-10, 3.604769759258355e-11, 5.052309430511578e-11, 5.287791739729986e-11, 5.287791739732766e-11, 4.890807091293249e-11, 4.907053565943741e-11, 5.28651727157376e-11, 2.944536115233159e-11, 5.32345452037936e-11, 1.435580205290352e-10, 5.0246967351767074e-11, 4.4462377622516015e-11, 5.079403882722137e-11, 4.98024195399983e-11, 2.095575421251666e-10, 5.320610293595746e-11]"
hMpxV/Australia/VIC-VIDRL-3577/2024|EPI_ISL_19459774|2024-07-04,"[1.0, 0.0, 0.0, 0.0, 0.0, 0.0, 0.0, 0.0, 0.0, 0.0, 0.0, 0.0, 0.0, 0.0, 0.0, 0.0, 0.0, 0.0, 0.0, 0.0, 0.0, 0.0, 0.0, 0.0, 0.0, 0.0, 0.0, 0.0, 0.0, 0.0, 0.0]"
hMpxV/Australia/VIC-VIDRL-3576/2024|EPI_ISL_19459778|2024-07-04,"[1.0, 0.0, 0.0, 0.0, 0.0, 0.0, 0.0, 0.0, 0.0, 0.0, 0.0, 0.0, 0.0, 0.0, 0.0, 0.0, 0.0, 0.0, 0.0, 0.0, 0.0, 0.0, 0.0, 0.0, 0.0, 0.0, 0.0, 0.0, 0.0, 0.0, 0.0]"
NODE_0000181,"[0.9999999999285526, 1.6436952111625324e-12, 9.489693141400811e-12, 1.677196699765512e-12, 1.4489926969046797e-12, 1.6592368047556458e-12, 1.6565475212642175e-12, 1.6677376917376158e-12, 1.6752028330274843e-12, 1.6525831977787862e-12, 1.6471378867474815e-12, 1.6689355327032687e-12, 1.5374336668873635e-12, 1.5924473080548304e-12, 4.356986139554792e-12, 1.0756430500062644e-12, 1.5489307062576407e-12, 1.6689355327035845e-12, 1.6689355327040468e-12, 1.4987288393677992e-12, 2.216961819025167e-12, 1.6100818845657699e-12, 8.639416986924153e-13, 1.6748073681848154e-12, 6.2826312012984e-12, 1.5852838465348682e-12, 1.2955963026168353e-12, 1.613960642164586e-12, 1.5266469214786816e-12, 1.0271265499102603e-11, 1.6711189143905865e-12]"
hMpxV/Australia/QLD-MX000034/2024|EPI_ISL_19539684|2024-06-27,"[0.9999999999999999, 0.0, 0.0, 0.0, 0.0, 0.0, 0.0, 0.0, 0.0, 0.0, 0.0, 0.0, 0.0, 0.0, 0.0, 0.0, 0.0, 0.0, 0.0, 0.0, 0.0, 0.0, 0.0, 0.0, 0.0, 0.0, 0.0, 0.0, 0.0, 0.0, 0.0]"
hMpxV/Australia/VIC-VIDRL-8603/2024|EPI_ISL_19459759|2024-06-17,"[1.0, 0.0, 0.0, 0.0, 0.0, 0.0, 0.0, 0.0, 0.0, 0.0, 0.0, 0.0, 0.0, 0.0, 0.0, 0.0, 0.0, 0.0, 0.0, 0.0, 0.0, 0.0, 0.0, 0.0, 0.0, 0.0, 0.0, 0.0, 0.0, 0.0, 0.0]"
hMpxV/Australia/VIC-VIDRL-1781/2024|EPI_ISL_19459789|2024-06-27,"[0.9999999999999999, 0.0, 0.0, 0.0, 0.0, 0.0, 0.0, 0.0, 0.0, 0.0, 0.0, 0.0, 0.0, 0.0, 0.0, 0.0, 0.0, 0.0, 0.0, 0.0, 0.0, 0.0, 0.0, 0.0, 0.0, 0.0, 0.0, 0.0, 0.0, 0.0, 0.0]"
NODE_0000182,"[0.9999999995491883, 1.0521463882841209e-11, 5.853342778312307e-11, 1.0735316374930963e-11, 9.311632139323392e-12, 1.0617815846139376e-11, 1.0597526102826597e-11, 1.0668223650677312e-11, 1.072547807315482e-11, 1.0574301918793885e-11, 1.0535543376626192e-11, 1.0675144652395589e-11, 9.869055986194588e-12, 1.0200476946066415e-11, 2.696697741549125e-11, 6.9580232136437574e-12, 9.956338201396806e-12, 1.0675144652397532e-11, 1.0675144652400393e-11, 9.617094798324397e-12, 1.3675590564213179e-11, 1.034096533374834e-11, 5.655920426764885e-12, 1.0722865463283694e-11, 3.882258275392759e-11, 1.0146842835945465e-11, 8.421652088761834e-12, 1.0321033319175772e-11, 9.812673631741599e-12, 6.377727033729232e-11, 1.0700393320545202e-11]"
hMpxV/Australia/VIC-VIDRL-7288/2024|EPI_ISL_19459713|2024-07-18,"[1.0, 0.0, 0.0, 0.0, 0.0, 0.0, 0.0, 0.0, 0.0, 0.0, 0.0, 0.0, 0.0, 0.0, 0.0, 0.0, 0.0, 0.0, 0.0, 0.0, 0.0, 0.0, 0.0, 0.0, 0.0, 0.0, 0.0, 0.0, 0.0, 0.0, 0.0]"
hMpxV/Australia/VIC-VIDRL-0686/2024|EPI_ISL_19459736|2024-06-20,"[0.9999999999999999, 0.0, 0.0, 0.0, 0.0, 0.0, 0.0, 0.0, 0.0, 0.0, 0.0, 0.0, 0.0, 0.0, 0.0, 0.0, 0.0, 0.0, 0.0, 0.0, 0.0, 0.0, 0.0, 0.0, 0.0, 0.0, 0.0, 0.0, 0.0, 0.0, 0.0]"
hMpxV/Australia/VIC-VIDRL-4354/2024|EPI_ISL_19459779|2024-07-08,"[0.9999999999999999, 0.0, 0.0, 0.0, 0.0, 0.0, 0.0, 0.0, 0.0, 0.0, 0.0, 0.0, 0.0, 0.0, 0.0, 0.0, 0.0, 0.0, 0.0, 0.0, 0.0, 0.0, 0.0, 0.0, 0.0, 0.0, 0.0, 0.0, 0.0, 0.0, 0.0]"
NODE_0000183,"[0.9999999999742745, 5.945637516366135e-13, 3.3920058401524013e-12, 6.066968839824327e-13, 5.246081230508693e-13, 6.001564237234535e-13, 5.991133799703455e-13, 6.031791459991979e-13, 6.060083849407784e-13, 5.97741381851494e-13, 5.956654058332662e-13, 6.035824458411306e-13, 5.566118470591263e-13, 5.76185803008111e-13, 1.560758961333396e-12, 3.901115966222778e-13, 5.609220515210432e-13, 6.03582445841204e-13, 6.035824458412812e-13, 5.425352423013021e-13, 7.932708236427708e-13, 5.829826010626579e-13, 3.1394601939813495e-13, 6.058385536388005e-13, 2.248881652272736e-12, 5.734184257446934e-13, 4.703341363365961e-13, 5.836434636262992e-13, 5.528025500767173e-13, 3.678231881160752e-12, 6.045397312665388e-13]"
hMpxV/Australia/VIC-VIDRL-5972/2024|EPI_ISL_19459718|2024-07-12,"[1.0, 0.0, 0.0, 0.0, 0.0, 0.0, 0.0, 0.0, 0.0, 0.0, 0.0, 0.0, 0.0, 0.0, 0.0, 0.0, 0.0, 0.0, 0.0, 0.0, 0.0, 0.0, 0.0, 0.0, 0.0, 0.0, 0.0, 0.0, 0.0, 0.0, 0.0]"
hMpxV/Australia/VIC-VIDRL-6170/2024|EPI_ISL_19459761|2024-07-15,"[0.9999999999999999, 0.0, 0.0, 0.0, 0.0, 0.0, 0.0, 0.0, 0.0, 0.0, 0.0, 0.0, 0.0, 0.0, 0.0, 0.0, 0.0, 0.0, 0.0, 0.0, 0.0, 0.0, 0.0, 0.0, 0.0, 0.0, 0.0, 0.0, 0.0, 0.0, 0.0]"
hMpxV/Australia/VIC-VIDRL-5973/2024|EPI_ISL_19459765|2024-07-12,"[1.0, 0.0, 0.0, 0.0, 0.0, 0.0, 0.0, 0.0, 0.0, 0.0, 0.0, 0.0, 0.0, 0.0, 0.0, 0.0, 0.0, 0.0, 0.0, 0.0, 0.0, 0.0, 0.0, 0.0, 0.0, 0.0, 0.0, 0.0, 0.0, 0.0, 0.0]"
NODE_0000166,"[1.0, 9.973370465282626e-27, 8.091528922087168e-25, 9.968746929890631e-27, 8.434268614058051e-27, 1.0029398799333137e-26, 1.0327727242347134e-26, 1.0220459797427919e-26, 1.0133203228342197e-26, 9.987652949273386e-27, 1.050647314317832e-26, 1.0310030998975832e-26, 7.879197678705293e-27, 9.128908800401438e-27, 1.2403428687486035e-25, 5.032555871313279e-27, 8.250374712170118e-27, 1.031003099897875e-26, 1.0310030998982626e-26, 7.891876770092108e-27, 9.667413614596685e-26, 8.210831160375618e-27, 3.867279880079365e-27, 1.0198329454124624e-26, 2.282775206017194e-25, 9.80417065025837e-27, 5.38389394431787e-27, 1.0365186734653454e-26, 8.120280102274314e-27, 7.522959856892528e-25, 1.0081762470839891e-26]"
hMpxV/Australia/VIC-VIDRL-3747/2024|EPI_ISL_19459795|2024-05-29,"[1.0, 0.0, 0.0, 0.0, 0.0, 0.0, 0.0, 0.0, 0.0, 0.0, 0.0, 0.0, 0.0, 0.0, 0.0, 0.0, 0.0, 0.0, 0.0, 0.0, 0.0, 0.0, 0.0, 0.0, 0.0, 0.0, 0.0, 0.0, 0.0, 0.0, 0.0]"
hMpxV/Australia/VIC-VIDRL-0139/2024|EPI_ISL_19459717|2024-06-20,"[1.0, 0.0, 0.0, 0.0, 0.0, 0.0, 0.0, 0.0, 0.0, 0.0, 0.0, 0.0, 0.0, 0.0, 0.0, 0.0, 0.0, 0.0, 0.0, 0.0, 0.0, 0.0, 0.0, 0.0, 0.0, 0.0, 0.0, 0.0, 0.0, 0.0, 0.0]"
hMpxV/Australia/VIC-VIDRL-3575/2024|EPI_ISL_19459710|2024-07-04,"[1.0, 0.0, 0.0, 0.0, 0.0, 0.0, 0.0, 0.0, 0.0, 0.0, 0.0, 0.0, 0.0, 0.0, 0.0, 0.0, 0.0, 0.0, 0.0, 0.0, 0.0, 0.0, 0.0, 0.0, 0.0, 0.0, 0.0, 0.0, 0.0, 0.0, 0.0]"
hMpxV/Australia/VIC-VIDRL-0350/2024|EPI_ISL_19459745|2024-06-21,"[0.9999999999999999, 0.0, 0.0, 0.0, 0.0, 0.0, 0.0, 0.0, 0.0, 0.0, 0.0, 0.0, 0.0, 0.0, 0.0, 0.0, 0.0, 0.0, 0.0, 0.0, 0.0, 0.0, 0.0, 0.0, 0.0, 0.0, 0.0, 0.0, 0.0, 0.0, 0.0]"
hMpxV/Australia/VIC-VIDRL-8558/2024|EPI_ISL_19459758|2024-06-17,"[1.0, 0.0, 0.0, 0.0, 0.0, 0.0, 0.0, 0.0, 0.0, 0.0, 0.0, 0.0, 0.0, 0.0, 0.0, 0.0, 0.0, 0.0, 0.0, 0.0, 0.0, 0.0, 0.0, 0.0, 0.0, 0.0, 0.0, 0.0, 0.0, 0.0, 0.0]"
NODE_0000175,"[0.9999999569878502, 1.1611134546659734e-09, 4.128622794127546e-09, 1.1888149110320014e-09, 1.0352854181437098e-09, 1.1724587430750767e-09, 1.1641177117217413e-09, 1.175267314658609e-09, 1.1842928723177845e-09, 1.1676745844930347e-09, 1.152856093885908e-09, 1.1744247822685138e-09, 1.1207875469916625e-09, 1.136589441734509e-09, 2.2867856283653636e-09, 8.031137573955057e-10, 1.1236213918403206e-09, 1.174424782268732e-09, 1.1744247822690513e-09, 1.0871748191267351e-09, 1.0794249700815422e-09, 1.1754272454798983e-09, 6.583705331596268e-10, 1.1826605914213365e-09, 3.1594791191408705e-09, 1.1161995515521407e-09, 9.919833109572802e-10, 1.1280772086768407e-09, 1.1076033383940578e-09, 4.619019503531239e-09, 1.182053964415518e-09]"
hMpxV/Australia/QLD-MX000036/2024|EPI_ISL_19539685|2024-07-12,"[1.0, 0.0, 0.0, 0.0, 0.0, 0.0, 0.0, 0.0, 0.0, 0.0, 0.0, 0.0, 0.0, 0.0, 0.0, 0.0, 0.0, 0.0, 0.0, 0.0, 0.0, 0.0, 0.0, 0.0, 0.0, 0.0, 0.0, 0.0, 0.0, 0.0, 0.0]"
hMpxV/Australia/VIC-VIDRL-3563/2024|EPI_ISL_19459754|2024-07-04,"[1.0, 0.0, 0.0, 0.0, 0.0, 0.0, 0.0, 0.0, 0.0, 0.0, 0.0, 0.0, 0.0, 0.0, 0.0, 0.0, 0.0, 0.0, 0.0, 0.0, 0.0, 0.0, 0.0, 0.0, 0.0, 0.0, 0.0, 0.0, 0.0, 0.0, 0.0]"
NODE_0000176,"[0.9999999609456741, 1.0500370624038478e-09, 3.785337352057191e-09, 1.0750900107888918e-09, 9.350382024847653e-10, 1.0603907223627004e-09, 1.052971642290585e-09, 1.0630620421612863e-09, 1.0709090218102736e-09, 1.056091648791259e-09, 1.0428605102655176e-09, 1.062340086462822e-09, 1.0125264830706676e-09, 1.0275707556774152e-09, 2.092936256222285e-09, 7.237074969777904e-10, 1.0146567211114687e-09, 1.062340086463013e-09, 1.0623400864632971e-09, 9.822935271289685e-10, 9.891763676512271e-10, 1.06170258307103e-09, 5.911503681132136e-10, 1.069455775098419e-09, 2.8936875062746023e-09, 1.0094493913607928e-09, 8.925364054632587e-10, 1.0205160457661514e-09, 1.0002415005607686e-09, 4.225056767033751e-09, 1.0688534685051556e-09]"
hMpxV/Australia/VIC-VIDRL-7987/2024|EPI_ISL_19459724|2024-06-13,"[0.9999999999999999, 0.0, 0.0, 0.0, 0.0, 0.0, 0.0, 0.0, 0.0, 0.0, 0.0, 0.0, 0.0, 0.0, 0.0, 0.0, 0.0, 0.0, 0.0, 0.0, 0.0, 0.0, 0.0, 0.0, 0.0, 0.0, 0.0, 0.0, 0.0, 0.0, 0.0]"
NODE_0000177,"[0.9999999415559, 1.5755053711382836e-09, 5.628972604730042e-09, 1.6130750198283147e-09, 1.4042805804194663e-09, 1.5909280960866811e-09, 1.5796856396160339e-09, 1.5947926384662022e-09, 1.6069066988365345e-09, 1.5844445687859084e-09, 1.5644522166694967e-09, 1.5936822611256633e-09, 1.5202573633564929e-09, 1.5420551259529973e-09, 3.114941490368489e-09, 1.0886173869491884e-09, 1.5239501896927751e-09, 1.5936822611259497e-09, 1.5936822611263776e-09, 1.4747341745349279e-09, 1.4710061100585794e-09, 1.594298832734405e-09, 8.917725559861814e-10, 1.6047222744949768e-09, 4.3050089336230455e-09, 1.5145801649514641e-09, 1.3441382457523266e-09, 1.5308503341940679e-09, 1.5022822248577897e-09, 6.292933823916261e-09, 1.6038604023658753e-09]"
hMpxV/Australia/VIC-VIDRL-2252/2024|EPI_ISL_19459720|2024-07-01,"[1.0, 0.0, 0.0, 0.0, 0.0, 0.0, 0.0, 0.0, 0.0, 0.0, 0.0, 0.0, 0.0, 0.0, 0.0, 0.0, 0.0, 0.0, 0.0, 0.0, 0.0, 0.0, 0.0, 0.0, 0.0, 0.0, 0.0, 0.0, 0.0, 0.0, 0.0]"
hMpxV/Australia/VIC-VIDRL-8879/2024|EPI_ISL_19459800|2024-07-23,"[1.0, 0.0, 0.0, 0.0, 0.0, 0.0, 0.0, 0.0, 0.0, 0.0, 0.0, 0.0, 0.0, 0.0, 0.0, 0.0, 0.0, 0.0, 0.0, 0.0, 0.0, 0.0, 0.0, 0.0, 0.0, 0.0, 0.0, 0.0, 0.0, 0.0, 0.0]"
NODE_0000178,"[0.9999969324158784, 8.381670277638237e-08, 2.8573276824711904e-07, 8.58126009784982e-08, 7.505551466728668e-08, 8.460907361988801e-08, 8.397851438909747e-08, 8.47769184909112e-08, 8.551122978496342e-08, 8.425586602538784e-08, 8.314930225541046e-08, 8.470851602240922e-08, 8.116406880212724e-08, 8.211279887162681e-08, 1.5896402994706994e-07, 5.8650691692179076e-08, 8.148811200979427e-08, 8.470851602240954e-08, 8.470851602241146e-08, 7.869727526050771e-08, 7.474733237234613e-08, 8.517092533949607e-08, 4.8700185670604893e-08, 8.539118650729888e-08, 2.19201552239969e-07, 8.056770722685487e-08, 7.28260814377211e-08, 8.134263037007785e-08, 8.032007911608124e-08, 3.2205684482253845e-07, 8.535858076395647e-08]"
NODE_0000179,"[0.999999994219643, 1.5343121273986116e-10, 5.778877034047594e-10, 1.5707775444316062e-10, 1.362424912027231e-10, 1.5497086560326038e-10, 1.5394510389076288e-10, 1.5541340539079885e-10, 1.5645731870059182e-10, 1.5435157457107981e-10, 1.5250523756024352e-10, 1.5532137166794962e-10, 1.4752441227942563e-10, 1.5002991845444733e-10, 3.159146801284006e-10, 1.0485568649589111e-10, 1.4774048213144841e-10, 1.553213716679802e-10, 1.5532137166802236e-10, 1.43177490556704e-10, 1.5014862826562148e-10, 1.5462978496173086e-10, 8.493775152347763e-11, 1.5625034910893422e-10, 4.3805580558719366e-10, 1.4752595888389694e-10, 1.2879951793403395e-10, 1.4926703138095298e-10, 1.4563949443360819e-10, 6.414694014758154e-10, 1.561436500374497e-10]"
hMpxV/Australia/VIC-VIDRL-9574/2024|EPI_ISL_19459764|2024-07-26,"[1.0, 0.0, 0.0, 0.0, 0.0, 0.0, 0.0, 0.0, 0.0, 0.0, 0.0, 0.0, 0.0, 0.0, 0.0, 0.0, 0.0, 0.0, 0.0, 0.0, 0.0, 0.0, 0.0, 0.0, 0.0, 0.0, 0.0, 0.0, 0.0, 0.0, 0.0]"
hMpxV/Australia/QLD-MX000041/2024|EPI_ISL_19539690|2024-08-01,"[1.0, 0.0, 0.0, 0.0, 0.0, 0.0, 0.0, 0.0, 0.0, 0.0, 0.0, 0.0, 0.0, 0.0, 0.0, 0.0, 0.0, 0.0, 0.0, 0.0, 0.0, 0.0, 0.0, 0.0, 0.0, 0.0, 0.0, 0.0, 0.0, 0.0, 0.0]"
NODE_0000180,"[0.9999999802604367, 5.291630937297414e-10, 1.926944084570061e-09, 5.417886493170513e-10, 4.707943784242031e-10, 5.344147928593603e-10, 5.307187463829444e-10, 5.358105270964207e-10, 5.396570780421798e-10, 5.322587153674689e-10, 5.256488822445616e-10, 5.354554875704648e-10, 5.098947096230637e-10, 5.177485936144388e-10, 1.0636097461546627e-09, 3.6381738088915495e-10, 5.108306466000836e-10, 5.354554875705645e-10, 5.354554875707106e-10, 4.94717354671113e-10, 5.032485748223996e-10, 5.345941817818191e-10, 2.9636446117486077e-10, 5.389250673580565e-10, 1.4713320568289824e-09, 5.087242409034009e-10, 4.4816264521484453e-10, 5.144151766287674e-10, 5.035706521728778e-10, 2.147434995275899e-09, 5.386077566861622e-10]"
hMpxV/Australia/QLD-MX000043/2024|EPI_ISL_19539692|2024-08-08,"[1.0, 0.0, 0.0, 0.0, 0.0, 0.0, 0.0, 0.0, 0.0, 0.0, 0.0, 0.0, 0.0, 0.0, 0.0, 0.0, 0.0, 0.0, 0.0, 0.0, 0.0, 0.0, 0.0, 0.0, 0.0, 0.0, 0.0, 0.0, 0.0, 0.0, 0.0]"
hMpxV/Australia/QLD-MX000044/2024|EPI_ISL_19539693|2024-08-15,"[1.0, 0.0, 0.0, 0.0, 0.0, 0.0, 0.0, 0.0, 0.0, 0.0, 0.0, 0.0, 0.0, 0.0, 0.0, 0.0, 0.0, 0.0, 0.0, 0.0, 0.0, 0.0, 0.0, 0.0, 0.0, 0.0, 0.0, 0.0, 0.0, 0.0, 0.0]"
NODE_0000167,"[0.9999999999999999, 1.9043879287015993e-22, 1.1750465918409376e-20, 1.9035623397567435e-22, 1.651613243040803e-22, 1.911833354528209e-22, 1.964001970553324e-22, 1.9435278507698641e-22, 1.9381192229545968e-22, 1.9029000684302732e-22, 1.9950613646400777e-22, 1.9590521697879114e-22, 1.5355789835556362e-22, 1.7529712810589783e-22, 1.8691940572906764e-21, 1.0303904341607858e-22, 1.6210925880943845e-22, 1.9590521697882733e-22, 1.959052169788792e-22, 1.5338931657283803e-22, 1.4199914526382078e-21, 1.6056900021917774e-22, 8.489997575139979e-23, 1.949696745471321e-22, 3.39114121191478e-21, 1.8709313813069429e-22, 1.1358570496166865e-22, 1.9655930569403293e-22, 1.593912977053302e-22, 1.1440725643176031e-20, 1.9293681562618845e-22]"
hMpxV/Australia/VIC-VIDRL-6081/2024|EPI_ISL_19459768|2024-07-15,"[0.9999999999999999, 0.0, 0.0, 0.0, 0.0, 0.0, 0.0, 0.0, 0.0, 0.0, 0.0, 0.0, 0.0, 0.0, 0.0, 0.0, 0.0, 0.0, 0.0, 0.0, 0.0, 0.0, 0.0, 0.0, 0.0, 0.0, 0.0, 0.0, 0.0, 0.0, 0.0]"
hMpxV/Australia/VIC-VIDRL-8559/2024|EPI_ISL_19459772|2024-06-17,"[1.0, 0.0, 0.0, 0.0, 0.0, 0.0, 0.0, 0.0, 0.0, 0.0, 0.0, 0.0, 0.0, 0.0, 0.0, 0.0, 0.0, 0.0, 0.0, 0.0, 0.0, 0.0, 0.0, 0.0, 0.0, 0.0, 0.0, 0.0, 0.0, 0.0, 0.0]"
hMpxV/Australia/QLD-MX000042/2024|EPI_ISL_19539691|2024-08-06,"[1.0, 0.0, 0.0, 0.0, 0.0, 0.0, 0.0, 0.0, 0.0, 0.0, 0.0, 0.0, 0.0, 0.0, 0.0, 0.0, 0.0, 0.0, 0.0, 0.0, 0.0, 0.0, 0.0, 0.0, 0.0, 0.0, 0.0, 0.0, 0.0, 0.0, 0.0]"
hMpxV/Australia/QLD-MX000050/2024|EPI_ISL_19539699|2024-08-29,"[1.0, 0.0, 0.0, 0.0, 0.0, 0.0, 0.0, 0.0, 0.0, 0.0, 0.0, 0.0, 0.0, 0.0, 0.0, 0.0, 0.0, 0.0, 0.0, 0.0, 0.0, 0.0, 0.0, 0.0, 0.0, 0.0, 0.0, 0.0, 0.0, 0.0, 0.0]"
hMpxV/Australia/VIC-VIDRL-7894/2024|EPI_ISL_19459708|2024-07-22,"[1.0, 0.0, 0.0, 0.0, 0.0, 0.0, 0.0, 0.0, 0.0, 0.0, 0.0, 0.0, 0.0, 0.0, 0.0, 0.0, 0.0, 0.0, 0.0, 0.0, 0.0, 0.0, 0.0, 0.0, 0.0, 0.0, 0.0, 0.0, 0.0, 0.0, 0.0]"
NODE_0000172,"[0.9999987237247662, 3.4926476749604945e-08, 1.1840322379432142e-07, 3.575911683982225e-08, 3.128470617723367e-08, 3.5256442174840766e-08, 3.499148344486611e-08, 3.532535148643769e-08, 3.563391260197927e-08, 3.5109197537403144e-08, 3.4644497402877006e-08, 3.5295744153004457e-08, 3.3834423475510184e-08, 3.4221448538516505e-08, 6.596766726956868e-08, 2.4463168567711845e-08, 3.397142681299698e-08, 3.529574415300554e-08, 3.529574415300712e-08, 3.280429136970277e-08, 3.100167544546203e-08, 3.550600011795596e-08, 2.0318703051833787e-08, 3.558270595033502e-08, 9.092567503586043e-08, 3.3572052883868274e-08, 3.038324511262644e-08, 3.3891443951434676e-08, 3.348237465023554e-08, 1.3355694705435085e-07, 3.557034386091324e-08]"
hMpxV/Australia/QLD-MX000055/2024|EPI_ISL_19539703|2024-08-19,"[1.0, 0.0, 0.0, 0.0, 0.0, 0.0, 0.0, 0.0, 0.0, 0.0, 0.0, 0.0, 0.0, 0.0, 0.0, 0.0, 0.0, 0.0, 0.0, 0.0, 0.0, 0.0, 0.0, 0.0, 0.0, 0.0, 0.0, 0.0, 0.0, 0.0, 0.0]"
hMpxV/Australia/QLD-MX000074/2024|EPI_ISL_19539722|2024-09-05,"[1.0, 0.0, 0.0, 0.0, 0.0, 0.0, 0.0, 0.0, 0.0, 0.0, 0.0, 0.0, 0.0, 0.0, 0.0, 0.0, 0.0, 0.0, 0.0, 0.0, 0.0, 0.0, 0.0, 0.0, 0.0, 0.0, 0.0, 0.0, 0.0, 0.0, 0.0]"
NODE_0000170,"[0.999999999783591, 5.078240319390828e-12, 2.784159607101482e-11, 5.18196606595143e-12, 4.496615962450752e-12, 5.124823253453357e-12, 5.1141004808234655e-12, 5.148873156479014e-12, 5.177238015286234e-12, 5.10384454310123e-12, 5.083547653014189e-12, 5.151698516877971e-12, 4.768163422730032e-12, 4.925376055281673e-12, 1.288518588965673e-11, 3.3650800494552443e-12, 4.810477029789244e-12, 5.1516985168782645e-12, 5.1516985168788525e-12, 4.6457531844160504e-12, 6.5246034625261506e-12, 4.996443837492182e-12, 2.7340322467701847e-12, 5.175384524202501e-12, 1.852585114012407e-11, 4.897188639913491e-12, 4.073957552130882e-12, 4.9800323599774456e-12, 4.740048036305867e-12, 3.039072141488576e-11, 5.1650864382919375e-12]"
hMpxV/Australia/QLD-MX000052/2024|EPI_ISL_19539700|2024-08-28,"[1.0, 0.0, 0.0, 0.0, 0.0, 0.0, 0.0, 0.0, 0.0, 0.0, 0.0, 0.0, 0.0, 0.0, 0.0, 0.0, 0.0, 0.0, 0.0, 0.0, 0.0, 0.0, 0.0, 0.0, 0.0, 0.0, 0.0, 0.0, 0.0, 0.0, 0.0]"
hMpxV/Australia/QLD-MX000054/2024|EPI_ISL_19539702|2024-08-29,"[1.0, 0.0, 0.0, 0.0, 0.0, 0.0, 0.0, 0.0, 0.0, 0.0, 0.0, 0.0, 0.0, 0.0, 0.0, 0.0, 0.0, 0.0, 0.0, 0.0, 0.0, 0.0, 0.0, 0.0, 0.0, 0.0, 0.0, 0.0, 0.0, 0.0, 0.0]"
NODE_0000171,"[0.9999999996326069, 9.782398229090904e-12, 3.642972761841635e-11, 1.0016478122733756e-11, 8.679691994827949e-12, 9.881618952762221e-12, 9.8148731814706e-12, 9.9099166704367e-12, 9.974990321956098e-12, 9.842386316547292e-12, 9.721977652290548e-12, 9.903663030138063e-12, 9.409520409389152e-12, 9.567537341389589e-12, 2.0091436248962543e-11, 6.6781540293601e-12, 9.417389087486919e-12, 9.90366303014159e-12, 9.9036630301468e-12, 9.131478126159023e-12, 9.523542104920923e-12, 9.861618032181435e-12, 5.3932364275013e-12, 9.961325060034965e-12, 2.7814922362347786e-11, 9.404837356395728e-12, 8.198764667726415e-12, 9.515665270885172e-12, 9.2836182745729e-12, 4.042010155762344e-11, 9.954896273222586e-12]"
hMpxV/Australia/QLD-MX000061/2024|EPI_ISL_19539709|2024-09-03,"[0.9999999999999999, 0.0, 0.0, 0.0, 0.0, 0.0, 0.0, 0.0, 0.0, 0.0, 0.0, 0.0, 0.0, 0.0, 0.0, 0.0, 0.0, 0.0, 0.0, 0.0, 0.0, 0.0, 0.0, 0.0, 0.0, 0.0, 0.0, 0.0, 0.0, 0.0, 0.0]"
hMpxV/Australia/QLD-MX000060/2024|EPI_ISL_19539708|2024-09-03,"[0.9999999999999999, 0.0, 0.0, 0.0, 0.0, 0.0, 0.0, 0.0, 0.0, 0.0, 0.0, 0.0, 0.0, 0.0, 0.0, 0.0, 0.0, 0.0, 0.0, 0.0, 0.0, 0.0, 0.0, 0.0, 0.0, 0.0, 0.0, 0.0, 0.0, 0.0, 0.0]"
NODE_0000173,"[1.0, 4.530752604545075e-27, 1.6600203582162128e-25, 4.56122287397883e-27, 3.8445887602781746e-27, 4.565892399971203e-27, 4.656203383586766e-27, 4.636151690535304e-27, 4.6058830152259264e-27, 4.5482822001464305e-27, 4.702320433082903e-27, 4.664635072156548e-27, 3.7614821778804706e-27, 4.220393262051732e-27, 3.653930122688514e-26, 2.426355783495946e-27, 3.873616300055615e-27, 4.6646350721593326e-27, 4.664635072163476e-27, 3.736782016235251e-27, 2.4890136808506926e-26, 3.920596199612778e-27, 1.82805894576657e-27, 4.6246554920102176e-27, 6.217635875426192e-26, 4.426248550495525e-27, 2.664541860106832e-27, 4.6314530073677784e-27, 3.8137473784583346e-27, 1.597040476759773e-25, 4.5852142271449734e-27]"
hMpxV/Australia/QLD-MX000064/2024|EPI_ISL_19539712|2024-09-05,"[1.0, 0.0, 0.0, 0.0, 0.0, 0.0, 0.0, 0.0, 0.0, 0.0, 0.0, 0.0, 0.0, 0.0, 0.0, 0.0, 0.0, 0.0, 0.0, 0.0, 0.0, 0.0, 0.0, 0.0, 0.0, 0.0, 0.0, 0.0, 0.0, 0.0, 0.0]"
hMpxV/Australia/QLD-MX000070/2024|EPI_ISL_19539718|2024-09-08,"[1.0, 0.0, 0.0, 0.0, 0.0, 0.0, 0.0, 0.0, 0.0, 0.0, 0.0, 0.0, 0.0, 0.0, 0.0, 0.0, 0.0, 0.0, 0.0, 0.0, 0.0, 0.0, 0.0, 0.0, 0.0, 0.0, 0.0, 0.0, 0.0, 0.0, 0.0]"
hMpxV/Australia/QLD-MX000069/2024|EPI_ISL_19539717|2024-09-09,"[1.0, 0.0, 0.0, 0.0, 0.0, 0.0, 0.0, 0.0, 0.0, 0.0, 0.0, 0.0, 0.0, 0.0, 0.0, 0.0, 0.0, 0.0, 0.0, 0.0, 0.0, 0.0, 0.0, 0.0, 0.0, 0.0, 0.0, 0.0, 0.0, 0.0, 0.0]"
hMpxV/Australia/QLD-MX000073/2024|EPI_ISL_19539721|2024-09-05,"[1.0, 0.0, 0.0, 0.0, 0.0, 0.0, 0.0, 0.0, 0.0, 0.0, 0.0, 0.0, 0.0, 0.0, 0.0, 0.0, 0.0, 0.0, 0.0, 0.0, 0.0, 0.0, 0.0, 0.0, 0.0, 0.0, 0.0, 0.0, 0.0, 0.0, 0.0]"
hMpxV/Australia/QLD-MX000075/2024|EPI_ISL_19539723|2024-09-05,"[1.0, 0.0, 0.0, 0.0, 0.0, 0.0, 0.0, 0.0, 0.0, 0.0, 0.0, 0.0, 0.0, 0.0, 0.0, 0.0, 0.0, 0.0, 0.0, 0.0, 0.0, 0.0, 0.0, 0.0, 0.0, 0.0, 0.0, 0.0, 0.0, 0.0, 0.0]"
hMpxV/Australia/QLD-MX000087/2024|EPI_ISL_19539735|2024-09-09,"[1.0, 0.0, 0.0, 0.0, 0.0, 0.0, 0.0, 0.0, 0.0, 0.0, 0.0, 0.0, 0.0, 0.0, 0.0, 0.0, 0.0, 0.0, 0.0, 0.0, 0.0, 0.0, 0.0, 0.0, 0.0, 0.0, 0.0, 0.0, 0.0, 0.0, 0.0]"
NODE_0000174,"[0.9999999998048814, 5.188246142160689e-12, 1.9408028989954435e-11, 5.3124506666926906e-12, 4.601065946763635e-12, 5.241079442070123e-12, 5.2058498656547194e-12, 5.256343492290237e-12, 5.290256163637757e-12, 5.220334247777115e-12, 5.156673555158984e-12, 5.253056619652286e-12, 4.9887655866209605e-12, 5.0738933362960045e-12, 1.070036532283806e-11, 3.5371121726822396e-12, 4.99203863835616e-12, 5.253056619654178e-12, 5.253056619656985e-12, 4.8415662398179186e-12, 5.0741346249198925e-12, 5.228091884047086e-12, 2.8518885187327302e-12, 5.282991945115125e-12, 1.481635509650566e-11, 4.988041889135105e-12, 4.3397010761385075e-12, 5.047393754003215e-12, 4.92111718416628e-12, 2.1516023741794337e-11, 5.279526767016273e-12]"
hMpxV/Australia/QLD-MX000086/2024|EPI_ISL_19539734|2024-09-09,"[1.0, 0.0, 0.0, 0.0, 0.0, 0.0, 0.0, 0.0, 0.0, 0.0, 0.0, 0.0, 0.0, 0.0, 0.0, 0.0, 0.0, 0.0, 0.0, 0.0, 0.0, 0.0, 0.0, 0.0, 0.0, 0.0, 0.0, 0.0, 0.0, 0.0, 0.0]"
hMpxV/Australia/QLD-MX000088/2024|EPI_ISL_19539736|2024-09-09,"[1.0, 0.0, 0.0, 0.0, 0.0, 0.0, 0.0, 0.0, 0.0, 0.0, 0.0, 0.0, 0.0, 0.0, 0.0, 0.0, 0.0, 0.0, 0.0, 0.0, 0.0, 0.0, 0.0, 0.0, 0.0, 0.0, 0.0, 0.0, 0.0, 0.0, 0.0]"
NODE_0000168,"[1.0, 6.733126965254729e-32, 9.696840644804167e-30, 6.708352818428649e-32, 5.574709783591046e-32, 6.773945322581698e-32, 7.018763224075754e-32, 6.928217882060977e-32, 6.83218807093145e-32, 6.747748528589078e-32, 7.171797707365994e-32, 6.999974801282176e-32, 5.119460796960374e-32, 6.089839337166938e-32, 1.2233029258416527e-30, 3.1318066650346913e-32, 5.36864749100271e-32, 6.999974801284369e-32, 6.999974801287264e-32, 5.157639135701073e-32, 1.0358942838981392e-30, 5.320185768478182e-32, 2.2869048083950952e-32, 6.883834998916781e-32, 2.358440144720962e-30, 6.641591004548952e-32, 3.227643528437399e-32, 7.089087460308188e-32, 5.283500742095476e-32, 8.581227597910077e-30, 6.792047763808886e-32]"
hMpxV/Australia/VIC-VIDRL-9071/2024|EPI_ISL_19459798|2024-07-25,"[1.0, 0.0, 0.0, 0.0, 0.0, 0.0, 0.0, 0.0, 0.0, 0.0, 0.0, 0.0, 0.0, 0.0, 0.0, 0.0, 0.0, 0.0, 0.0, 0.0, 0.0, 0.0, 0.0, 0.0, 0.0, 0.0, 0.0, 0.0, 0.0, 0.0, 0.0]"
hMpxV/Australia/VIC-VIDRL-5661/2024|EPI_ISL_19459714|2024-07-12,"[1.0, 0.0, 0.0, 0.0, 0.0, 0.0, 0.0, 0.0, 0.0, 0.0, 0.0, 0.0, 0.0, 0.0, 0.0, 0.0, 0.0, 0.0, 0.0, 0.0, 0.0, 0.0, 0.0, 0.0, 0.0, 0.0, 0.0, 0.0, 0.0, 0.0, 0.0]"
hMpxV/Australia/VIC-VIDRL-5843/2024|EPI_ISL_19459730|2024-07-13,"[0.9999999999999999, 0.0, 0.0, 0.0, 0.0, 0.0, 0.0, 0.0, 0.0, 0.0, 0.0, 0.0, 0.0, 0.0, 0.0, 0.0, 0.0, 0.0, 0.0, 0.0, 0.0, 0.0, 0.0, 0.0, 0.0, 0.0, 0.0, 0.0, 0.0, 0.0, 0.0]"
hMpxV/Australia/VIC-VIDRL-9070/2024|EPI_ISL_19459742|2024-07-25,"[1.0, 0.0, 0.0, 0.0, 0.0, 0.0, 0.0, 0.0, 0.0, 0.0, 0.0, 0.0, 0.0, 0.0, 0.0, 0.0, 0.0, 0.0, 0.0, 0.0, 0.0, 0.0, 0.0, 0.0, 0.0, 0.0, 0.0, 0.0, 0.0, 0.0, 0.0]"
hMpxV/Australia/VIC-VIDRL-8988/2024|EPI_ISL_19459752|2024-07-25,"[1.0, 0.0, 0.0, 0.0, 0.0, 0.0, 0.0, 0.0, 0.0, 0.0, 0.0, 0.0, 0.0, 0.0, 0.0, 0.0, 0.0, 0.0, 0.0, 0.0, 0.0, 0.0, 0.0, 0.0, 0.0, 0.0, 0.0, 0.0, 0.0, 0.0, 0.0]"
hMpxV/Australia/VIC-VIDRL-6721/2024|EPI_ISL_19459770|2024-07-16,"[1.0, 0.0, 0.0, 0.0, 0.0, 0.0, 0.0, 0.0, 0.0, 0.0, 0.0, 0.0, 0.0, 0.0, 0.0, 0.0, 0.0, 0.0, 0.0, 0.0, 0.0, 0.0, 0.0, 0.0, 0.0, 0.0, 0.0, 0.0, 0.0, 0.0, 0.0]"
hMpxV/Australia/VIC-VIDRL-7979/2024|EPI_ISL_19459782|2024-07-22,"[0.9999999999999999, 0.0, 0.0, 0.0, 0.0, 0.0, 0.0, 0.0, 0.0, 0.0, 0.0, 0.0, 0.0, 0.0, 0.0, 0.0, 0.0, 0.0, 0.0, 0.0, 0.0, 0.0, 0.0, 0.0, 0.0, 0.0, 0.0, 0.0, 0.0, 0.0, 0.0]"
hMpxV/Australia/VIC-VIDRL-6355/2024|EPI_ISL_19459788|2024-07-16,"[1.0, 0.0, 0.0, 0.0, 0.0, 0.0, 0.0, 0.0, 0.0, 0.0, 0.0, 0.0, 0.0, 0.0, 0.0, 0.0, 0.0, 0.0, 0.0, 0.0, 0.0, 0.0, 0.0, 0.0, 0.0, 0.0, 0.0, 0.0, 0.0, 0.0, 0.0]"
hMpxV/Australia/VIC-VIDRL-6920/2024|EPI_ISL_19459709|2024-07-17,"[1.0, 0.0, 0.0, 0.0, 0.0, 0.0, 0.0, 0.0, 0.0, 0.0, 0.0, 0.0, 0.0, 0.0, 0.0, 0.0, 0.0, 0.0, 0.0, 0.0, 0.0, 0.0, 0.0, 0.0, 0.0, 0.0, 0.0, 0.0, 0.0, 0.0, 0.0]"
NODE_0000169,"[1.0, 4.3626402316600415e-26, 5.007553082352941e-24, 4.34517443681441e-26, 3.6994432606025055e-26, 4.3812393238779343e-26, 4.531482497761737e-26, 4.4708200074648007e-26, 4.432722519623573e-26, 4.361951281486759e-26, 4.6254546849383896e-26, 4.515170866568247e-26, 3.3747663649485903e-26, 3.962636266152413e-26, 6.454001758895161e-25, 2.163441220213762e-26, 3.5682921755428485e-26, 4.5151708665691146e-26, 4.5151708665704307e-26, 3.392353623714058e-26, 5.3539951244667925e-25, 3.5186004685803944e-26, 1.69894845092576e-26, 4.465972048924018e-26, 1.2319252696332937e-24, 4.3014420644853425e-26, 2.2965077843095648e-26, 4.5659256892907384e-26, 3.510690737580336e-26, 4.615195540623479e-24, 4.409335328036524e-26]"
hMpxV/Australia/QLD-MX000123/2024|EPI_ISL_19539767|2024-10-06,"[0.9999999999999999, 0.0, 0.0, 0.0, 0.0, 0.0, 0.0, 0.0, 0.0, 0.0, 0.0, 0.0, 0.0, 0.0, 0.0, 0.0, 0.0, 0.0, 0.0, 0.0, 0.0, 0.0, 0.0, 0.0, 0.0, 0.0, 0.0, 0.0, 0.0, 0.0, 0.0]"
hMpxV/Australia/QLD-MX000127/2024|EPI_ISL_19539771|2024-10-08,"[1.0, 0.0, 0.0, 0.0, 0.0, 0.0, 0.0, 0.0, 0.0, 0.0, 0.0, 0.0, 0.0, 0.0, 0.0, 0.0, 0.0, 0.0, 0.0, 0.0, 0.0, 0.0, 0.0, 0.0, 0.0, 0.0, 0.0, 0.0, 0.0, 0.0, 0.0]"
hMpxV/Australia/QLD-MX000124/2024|EPI_ISL_19539768|2024-10-03,"[1.0, 0.0, 0.0, 0.0, 0.0, 0.0, 0.0, 0.0, 0.0, 0.0, 0.0, 0.0, 0.0, 0.0, 0.0, 0.0, 0.0, 0.0, 0.0, 0.0, 0.0, 0.0, 0.0, 0.0, 0.0, 0.0, 0.0, 0.0, 0.0, 0.0, 0.0]"
hMpxV/Australia/QLD-MX000126/2024|EPI_ISL_19539770|2024-10-07,"[1.0, 0.0, 0.0, 0.0, 0.0, 0.0, 0.0, 0.0, 0.0, 0.0, 0.0, 0.0, 0.0, 0.0, 0.0, 0.0, 0.0, 0.0, 0.0, 0.0, 0.0, 0.0, 0.0, 0.0, 0.0, 0.0, 0.0, 0.0, 0.0, 0.0, 0.0]"
hMpxV/Australia/QLD-MX000137/2024|EPI_ISL_19539781|2024-10-06,"[0.9999999999999999, 0.0, 0.0, 0.0, 0.0, 0.0, 0.0, 0.0, 0.0, 0.0, 0.0, 0.0, 0.0, 0.0, 0.0, 0.0, 0.0, 0.0, 0.0, 0.0, 0.0, 0.0, 0.0, 0.0, 0.0, 0.0, 0.0, 0.0, 0.0, 0.0, 0.0]"
hMpxV/Australia/QLD-MX000146/2024|EPI_ISL_19539787|2024-10-12,"[1.0, 0.0, 0.0, 0.0, 0.0, 0.0, 0.0, 0.0, 0.0, 0.0, 0.0, 0.0, 0.0, 0.0, 0.0, 0.0, 0.0, 0.0, 0.0, 0.0, 0.0, 0.0, 0.0, 0.0, 0.0, 0.0, 0.0, 0.0, 0.0, 0.0, 0.0]"
hMpxV/Australia/QLD-MX000154/2024|EPI_ISL_19539795|2024-10-12,"[1.0, 0.0, 0.0, 0.0, 0.0, 0.0, 0.0, 0.0, 0.0, 0.0, 0.0, 0.0, 0.0, 0.0, 0.0, 0.0, 0.0, 0.0, 0.0, 0.0, 0.0, 0.0, 0.0, 0.0, 0.0, 0.0, 0.0, 0.0, 0.0, 0.0, 0.0]"
hMpxV/Australia/QLD-MX000151/2024|EPI_ISL_19539792|2024-10-15,"[1.0, 0.0, 0.0, 0.0, 0.0, 0.0, 0.0, 0.0, 0.0, 0.0, 0.0, 0.0, 0.0, 0.0, 0.0, 0.0, 0.0, 0.0, 0.0, 0.0, 0.0, 0.0, 0.0, 0.0, 0.0, 0.0, 0.0, 0.0, 0.0, 0.0, 0.0]"
hMpxV/Australia/QLD-MX000152/2024|EPI_ISL_19539793|2024-10-08,"[1.0, 0.0, 0.0, 0.0, 0.0, 0.0, 0.0, 0.0, 0.0, 0.0, 0.0, 0.0, 0.0, 0.0, 0.0, 0.0, 0.0, 0.0, 0.0, 0.0, 0.0, 0.0, 0.0, 0.0, 0.0, 0.0, 0.0, 0.0, 0.0, 0.0, 0.0]"
hMpxV/Australia/QLD-MX000085/2024|EPI_ISL_19539733|2024-09-09,"[1.0, 0.0, 0.0, 0.0, 0.0, 0.0, 0.0, 0.0, 0.0, 0.0, 0.0, 0.0, 0.0, 0.0, 0.0, 0.0, 0.0, 0.0, 0.0, 0.0, 0.0, 0.0, 0.0, 0.0, 0.0, 0.0, 0.0, 0.0, 0.0, 0.0, 0.0]"
